"zona2"
-73.95096,5.808963
-73.893613,5.861149
-73.829691,5.919318
-73.770377,5.973294
-73.713014,6.025494
-73.615456,6.056427
-73.548831,6.137329
-73.527022,6.21693
-73.501242,6.311029
-73.46262,6.386895
-73.434617,6.4419
-73.382269,6.556114
-73.360854,6.679846
-73.311549,6.738323
-73.258537,6.801198
-73.219483,6.904607
-73.157199,7.06953
-73.089595,7.248537
-73.091975,7.346095
-73.163358,7.450791
-73.181685,7.535554
-73.20143,7.626871
-73.203809,7.805331
-73.247623,7.925818
-73.28947,8.040897
-73.286613,8.150899
-73.284711,8.224116
-73.301448,8.324537
-73.318023,8.423991
-73.3602,8.498503
-73.3602,8.5
-73.389407,8.550102
-73.412141,8.639617
-73.437942,8.742318
-73.455581,8.813639
-73.469713,8.870781
-73.482206,8.921298
-73.490095,8.987042
-73.496483,9.040271
-73.510167,9.087187
-73.529795,9.154485
-73.541315,9.181939
-73.597323,9.184529
-73.640182,9.186511
-73.716443,9.191456
-73.77355,9.195264
-73.840175,9.206685
-73.929422,9.191551
-73.966212,9.136366
-73.998549,9.08786
-74.061199,9.042881
-74.091348,9.021235
-74.12316,8.97701
-74.188906,8.885606
-74.197861,8.794565
-74.203183,8.740459
-74.2009829437,8.712235382
-74.207120746,8.695344533
-74.208090989,8.678644313
-74.238320465,8.651777231
-74.296476816,8.647164345
-74.327888591,8.627574325
-74.358090723,8.607409878
-74.37618876,8.556744827
-74.392844987,8.529381025
-74.420208789,8.513914529
-74.441623938,8.502017224
-74.44566667,8.5
-74.479695314,8.482981536
-74.515387229,8.478222614
-74.553458605,8.467515039
-74.639878955,8.462111964
-74.700793157,8.431654863
-74.75980379,8.380258505
-74.818814423,8.307922891
-74.87021078,8.243201551
-74.900667881,8.178480212
-74.927317845,8.127083854
-74.957774945,8.081398203
-75.001557028,8.039519689
-75.04533911,8.007159019
-75.108275854,7.975821518
-75.134281891,7.965819196
-75.154675344,7.95797556
-75.190367259,7.927637433
-75.213567004,7.899083901
-75.24033594,7.865176581
-75.263535685,7.822346283
-75.283166238,7.761670028
-75.293873813,7.706347559
-75.309935174,7.645671303
-75.334919515,7.595702622
-75.349196281,7.558226112
-75.359253935,7.52503341
-75.364543804,7.510227922
-75.377392894,7.488812772
-75.398808043,7.46454227
-75.447586993,7.428136517
-75.486253235,7.410290559
-75.536816781,7.389470275
-75.572508696,7.359727013
-75.61712359,7.327009424
-75.667687137,7.291317509
-75.709327704,7.237779636
-75.745019619,7.208036374
-75.789634513,7.196139069
-75.825326428,7.202087721
-75.866966996,7.222908005
-75.872264235,7.148800809
-75.881682117,7.102491358
-75.881166078,7.027862337
-75.88700024,6.962689419
-75.886979972,6.90261594
-75.888335389,6.833369429
-75.887195957,6.758038688
-75.884367875,6.691781424
-75.874350993,6.633117302
-75.874743958,6.571392737
-75.862352737,6.526353097
-75.859362305,6.476112272
-75.866812543,6.406477638
-75.870811116,6.330375922
-75.866904249,6.253450525
-75.872796675,6.045531366
-75.887200365,5.905803693
-75.870949679,5.782829306
-75.875682615,5.638370508
-75.869993854,5.491868805
-75.874275144,5.372757525
-75.884556254,5.294326768
-75.889316957,5.2376462
-75.89246778,5.161565408
-75.897028392,5.113724936
-75.885308836,5.023063859
-75.893564149,4.963923875
-75.926761523,4.88637281
-75.967153605,4.810672392
-76.017296566,4.65423245
-76.053674967,4.580666735
-76.080984061,4.525968154
-76.122711043,4.444967581
-76.170712142,4.321633307
-76.211673846,4.254621399
-76.237833337,4.191626658
-76.269249409,4.122286311
-76.305349771,4.054766811
-76.317448472,4.014799863
-76.340221167,3.928705097
-76.369989505,3.849216512
-76.419244584,3.737484132
-76.460894984,3.642814917
-76.501292895,3.538714519
-76.528789215,3.4717572
-76.538159086,3.426324158
-76.549361171,3.353644507
-76.563250819,3.308960913
-76.604630815,3.207553613
-76.645881241,3.108381757
-76.675102744,3.042901409
-76.687246865,2.978202038
-76.689744422,2.886250154
-76.693149992,2.835618209
-76.72319449,2.771301984
-76.753602575,2.695512245
-76.765714463,2.64925039
-76.775629444,2.604918397
-76.789333723,2.577661587
-76.826782775,2.52897012
-76.860334469,2.463854774
-76.90582371,2.401864228
-76.930568468,2.323573444
-76.978248921,2.251856937
-77.07465811,2.11113328
-77.110640178,2.051839875
-77.142085947,2.014440222
-77.18451026,1.970117131
-77.226527033,1.901199989
-77.266514159,1.832277636
-77.290997804,1.776326827
-77.338284563,1.673902375
-77.385677601,1.619729739
-77.474530907,1.517954443
-77.542713701,1.448864341
-77.588452409,1.354526345
-77.628067694,1.279873594
-77.743053026,1.132896174
-77.84655958,1.032958811
-77.978619665,0.915175492
-78.033096275,0.861990473
-78.032777275,0.860451097
-78.032891701,0.858611974
-78.033096745,0.857095447
-78.032755049,0.855991976
-78.031087277,0.853947351
-78.029396809,0.85227007
-78.028118323,0.850500133
-78.027021543,0.848891404
-78.026153618,0.847489448
-78.025217126,0.846317425
-78.02416638,0.844846602
-78.023023906,0.842778477
-78.022453053,0.841996981
-78.021745244,0.841353358
-78.021265033,0.840985853
-78.020904876,0.840788014
-78.018251138,0.840047189
-78.014222659,0.839001159
-78.011176211,0.837980493
-78.007204078,0.836648654
-78.004475215,0.835602776
-78.002264931,0.834687751
-78.000055727,0.833641554
-77.997846392,0.832856931
-77.996027258,0.832595531
-77.993947966,0.83207307
-77.992388677,0.830896188
-77.991868537,0.829718837
-77.991477384,0.826710204
-77.991087162,0.8239631
-77.990695858,0.821085631
-77.990176197,0.818992006
-77.989005544,0.81716072
-77.987706546,0.816114984
-77.985496412,0.814807261
-77.983547366,0.81402231
-77.981597683,0.812714738
-77.980537555,0.811914443
-77.978477828,0.810361124
-77.976008663,0.808660689
-77.973668758,0.806567845
-77.970419301,0.803297969
-77.968858753,0.800289954
-77.967085798,0.797868727
-77.966778379,0.79745175
-77.965412226,0.796243416
-77.964042324,0.795485231
-77.961643422,0.794680721
-77.96006674,0.794657865
-77.958467522,0.794681335
-77.956616928,0.794612622
-77.955222917,0.795210077
-77.952892415,0.796658819
-77.951263768,0.797334043
-77.950325253,0.797872942
-77.948975373,0.79964022
-77.948065958,0.800555859
-77.947286776,0.801210124
-77.945858019,0.801734153
-77.944167698,0.801995856
-77.942348416,0.802519569
-77.940659191,0.803042819
-77.938319927,0.80422094
-77.936761725,0.805267907
-77.936111356,0.806183705
-77.934032865,0.808800582
-77.932473246,0.810501646
-77.931433599,0.811417768
-77.930004526,0.812202718
-77.928834964,0.812595737
-77.927275199,0.812596044
-77.925456226,0.81220365
-77.920257562,0.811158714
-77.913370298,0.809720903
-77.90791133,0.808805876
-77.902193151,0.807760638
-77.890106447,0.80710903
-77.886077962,0.806848105
-77.884592548,0.806484659
-77.883448191,0.805973002
-77.881795754,0.804950284
-77.880396733,0.804182546
-77.878744302,0.803287568
-77.877474098,0.803159217
-77.876202646,0.803159678
-77.874423891,0.803544414
-77.868450117,0.804440324
-77.86514525,0.804569603
-77.861839754,0.803801883
-77.858662451,0.802779014
-77.855484369,0.800860856
-77.853070127,0.799837197
-77.850654308,0.79945404
-77.848494428,0.799070573
-77.846587013,0.798431326
-77.84531604,0.797791778
-77.843917475,0.796512386
-77.843281834,0.797408305
-77.843027627,0.798304536
-77.84264681,0.799200002
-77.841503869,0.800223947
-77.840359042,0.800863816
-77.839088368,0.801631857
-77.837817385,0.802783228
-77.837055268,0.803295045
-77.835784602,0.803935529
-77.835617267,0.804107073
-77.835076323,0.804215696
-77.834644308,0.804303048
-77.834406396,0.804433417
-77.83423343,0.804607785
-77.834103045,0.804934288
-77.834016487,0.805217727
-77.833865912,0.805544099
-77.833735676,0.805653032
-77.833497764,0.805718297
-77.832982794,0.805697158
-77.832118778,0.805714698
-77.831806666,0.805871054
-77.831374497,0.806236846
-77.831069299,0.806407547
-77.828179727,0.805719558
-77.818023324,0.810435036
-77.811856927,0.820228712
-77.805327812,0.827483288
-77.799524149,0.831473309
-77.791906831,0.834375145
-77.787916814,0.83546333
-77.782113149,0.834375141
-77.77848586,0.835463335
-77.774994419,0.838822511
-77.773156467,0.839689979
-77.766236144,0.841209077
-77.756277644,0.840196346
-77.749357338,0.836145436
-77.742943389,0.834795131
-77.735010352,0.837833312
-77.728596379,0.844078495
-77.72150731,0.849142118
-77.716274871,0.850154853
-77.710536085,0.847791811
-77.698552123,0.840027555
-77.69213817,0.833444823
-77.686405579,0.829735863
-77.684708927,0.827994566
-77.684720644,0.827970387
-77.684595131,0.827468556
-77.683971793,0.826789897
-77.68345978,0.826360098
-77.682337892,0.82548335
-77.681774356,0.825052656
-77.681142474,0.824604841
-77.680496027,0.824227698
-77.680025405,0.824025814
-77.679541525,0.823886822
-77.678993862,0.823811339
-77.678438264,0.823804026
-77.677737708,0.823862092
-77.676353004,0.824035374
-77.675673161,0.824074055
-77.67503454,0.82404311
-77.674410624,0.82393168
-77.67381716,0.823732411
-77.673255147,0.823447699
-77.672748131,0.823098241
-77.672271307,0.822690765
-77.671781634,0.82220318
-77.670356068,0.820653069
-77.669897212,0.820205229
-77.669417164,0.819789534
-77.668919319,0.819416727
-77.66840681,0.819080771
-77.667200472,0.818382641
-77.666675285,0.818056699
-77.666197409,0.817698417
-77.665704686,0.817195591
-77.665337277,0.816682405
-77.664989077,0.816145917
-77.664646242,0.815675853
-77.66425351,0.815229881
-77.663915186,0.814927287
-77.66371797,0.814177838
-77.663691617,0.813518846
-77.663744341,0.812859853
-77.663902492,0.811752746
-77.663952746,0.811149729
-77.663970485,0.811085278
-77.664008087,0.810985224
-77.66405636,0.810889701
-77.664111366,0.810797009
-77.664169182,0.810705427
-77.664229806,0.810614985
-77.66429324,0.810525684
-77.664359483,0.810438054
-77.664427956,0.810351004
-77.664498703,0.810265656
-77.66457168,0.810180284
-77.664646342,0.810096626
-77.664723245,0.810013538
-77.664801282,0.809930439
-77.664880426,0.809848461
-77.664961273,0.809767064
-77.665043226,0.809686225
-77.665125747,0.809605388
-77.665293049,0.809444844
-77.665377264,0.809364575
-77.665546797,0.809204028
-77.665631012,0.80912376
-77.665715214,0.809042911
-77.66579887,0.808962082
-77.665881949,0.808880672
-77.665964479,0.808799282
-77.666045872,0.808716742
-77.66612615,0.808633651
-77.666204745,0.808549981
-77.666282224,0.808465749
-77.666357999,0.808380396
-77.666432111,0.808293902
-77.66650395,0.808206858
-77.666573568,0.808118113
-77.666641482,0.808028788
-77.66670605,0.807937793
-77.666768356,0.807845084
-77.666826168,0.807750115
-77.666879497,0.807652332
-77.666928323,0.807552278
-77.666973223,0.807449412
-77.667014775,0.807345404
-77.66705291,0.807238583
-77.667088835,0.807131183
-77.667122506,0.80702154
-77.667154504,0.806911307
-77.667185376,0.806800523
-77.667215092,0.806689169
-77.667302646,0.806352862
-77.667332951,0.806241517
-77.667364371,0.806130724
-77.667397483,0.80602051
-77.667432829,0.805911416
-77.667470435,0.805804014
-77.667510842,0.805698325
-77.667552932,0.805592623
-77.667597271,0.805488063
-77.667643306,0.805384052
-77.667691004,0.805280612
-77.667740973,0.805178301
-77.667792059,0.805077123
-77.667845365,0.804976504
-77.667900376,0.804877598
-77.667956524,0.804779792
-77.668072697,0.804579699
-77.668133325,0.804480767
-77.66819731,0.80438468
-77.6682658,0.80429311
-77.668339335,0.80420832
-77.66841961,0.804132568
-77.668506653,0.804064728
-77.6686004,0.803999719
-77.668699768,0.803939788
-77.668803621,0.803884933
-77.668910299,0.803836883
-77.669019223,0.803796741
-77.669129263,0.8037662
-77.669238185,0.803746397
-77.66934656,0.80373791
-77.669456041,0.803741281
-77.669566097,0.803754254
-77.669677266,0.803774025
-77.669789017,0.803799436
-77.66990075,0.803827675
-77.670013031,0.803856486
-77.670125908,0.803884152
-77.670238205,0.80390789
-77.670350507,0.803926516
-77.670462245,0.803937814
-77.670575091,0.803941171
-77.670690206,0.803940599
-77.670806986,0.803934932
-77.670922637,0.803921898
-77.671036048,0.803899844
-77.671143856,0.803868173
-77.671245468,0.803824077
-77.67133979,0.803768099
-77.671430184,0.803705359
-77.67151832,0.803636386
-77.671603654,0.803562333
-77.671687303,0.803485434
-77.671770383,0.803405739
-77.671852345,0.803324332
-77.671934875,0.803243494
-77.672018512,0.80316379
-77.672102727,0.803085778
-77.672189755,0.803011734
-77.672279007,0.802942188
-77.672371082,0.802878313
-77.672467643,0.802820639
-77.672566449,0.802768056
-77.672668076,0.802718868
-77.67277137,0.802673067
-77.672876925,0.802630102
-77.672983042,0.80258939
-77.673090273,0.802549249
-77.673197515,0.80251022
-77.673305306,0.80247064
-77.673411979,0.802430489
-77.673518094,0.802389227
-77.673622516,0.80234568
-77.67372526,0.802299319
-77.673825743,0.802250132
-77.673923441,0.802196416
-77.674017771,0.802137632
-77.674107036,0.802070924
-77.674191802,0.801996861
-77.674272073,0.801916588
-77.674350108,0.801832367
-77.674425324,0.801744741
-77.674498875,0.801656003
-77.674571839,0.801567247
-77.674644266,0.801480204
-77.674712187,0.801387482
-77.674745292,0.80127784
-77.674746956,0.801165359
-77.674744696,0.801052319
-77.674740186,0.800938712
-77.674734003,0.800825105
-77.674726673,0.800711499
-77.67471092,0.800483156
-77.674703601,0.800368999
-77.674697976,0.800255392
-77.67469458,0.800141783
-77.674693994,0.800028181
-77.674696783,0.799915138
-77.674703515,0.799802102
-77.674714719,0.79968906
-77.674730423,0.799574884
-77.674750627,0.799461274
-77.674774747,0.799348792
-77.674803926,0.799238002
-77.674837042,0.799129483
-77.674875188,0.799023796
-77.674920099,0.798922604
-77.674982402,0.79882709
-77.675058186,0.798739464
-77.675142399,0.798659768
-77.675231092,0.79858852
-77.675322049,0.79852182
-77.675415239,0.798457935
-77.67551069,0.79839519
-77.675607248,0.798334119
-77.675704934,0.798274762
-77.675803176,0.798215403
-77.67590143,0.798156596
-77.675999682,0.798097247
-77.676096789,0.79803787
-77.676193366,0.797976829
-77.676287683,0.797915198
-77.676380884,0.797851313
-77.676471263,0.797785165
-77.676558843,0.797716775
-77.676643054,0.797644968
-77.676723329,0.797569236
-77.676795757,0.797482746
-77.676859742,0.79738664
-77.676915874,0.797283764
-77.676964137,0.797176926
-77.677005676,0.797067848
-77.677039896,0.796958757
-77.677066848,0.796851357
-77.677079726,0.796739448
-77.677079157,0.79662358
-77.67706623,0.796507155
-77.677044313,0.796392989
-77.677014534,0.796283344
-77.676976891,0.796177664
-77.676932518,0.796073675
-77.676883666,0.795971382
-77.676831419,0.795870216
-77.676778066,0.795768489
-77.676725838,0.795666752
-77.676676418,0.795563898
-77.676632034,0.795459347
-77.676592708,0.795352525
-77.676552264,0.795244012
-77.676512387,0.795133812
-77.676476444,0.795023029
-77.676448355,0.794911117
-77.676430931,0.794799785
-77.676428106,0.794688431
-77.67643986,0.794577656
-77.676458395,0.794466873
-77.676481948,0.794355527
-77.676508867,0.794244176
-77.676539183,0.794132823
-77.676572285,0.794020917
-77.676607638,0.793908998
-77.676644684,0.793797649
-77.676681721,0.793685728
-77.676719325,0.793574379
-77.676756928,0.793462458
-77.67679284,0.793351111
-77.67682651,0.793240336
-77.676858499,0.793129542
-77.676887112,0.793019324
-77.676911813,0.792909108
-77.676932558,0.792799448
-77.6769477,0.792690364
-77.676957225,0.792581846
-77.676960588,0.792473885
-77.676957189,0.7923665
-77.676943703,0.792260248
-77.67692067,0.792155126
-77.676888645,0.792050575
-77.676848764,0.791947151
-77.676802143,0.791844848
-77.676749915,0.791742548
-77.676693755,0.791640823
-77.676634219,0.791539664
-77.676508974,0.79133791
-77.67644663,0.791236753
-77.676384855,0.791136155
-77.676325329,0.791034996
-77.676197164,0.790968929
-77.661635353,0.790000626
-77.661738643,0.789936863
-77.661843634,0.789893888
-77.661948064,0.789847545
-77.662050808,0.78979892
-77.662151868,0.789747467
-77.662251799,0.78969318
-77.662350047,0.78963722
-77.662446611,0.789579558
-77.662540381,0.789517927
-77.662632435,0.789450657
-77.662720581,0.789378296
-77.662805337,0.789301417
-77.662886197,0.789220581
-77.662961985,0.789136353
-77.663032711,0.789049293
-77.663099512,0.788958866
-77.663163502,0.788865586
-77.663225249,0.788770064
-77.663284197,0.788672828
-77.663342007,0.78857392
-77.663398134,0.788474431
-77.66350816,0.788275457
-77.663562056,0.788175419
-77.663615365,0.788075351
-77.663667568,0.787974184
-77.663719203,0.787872443
-77.663769722,0.787770695
-77.663820241,0.787668375
-77.663870192,0.787565514
-77.664018371,0.787256882
-77.664067774,0.787153452
-77.664166561,0.7869477
-77.664266463,0.786743071
-77.664316991,0.786640772
-77.664420262,0.786438405
-77.664526911,0.786238301
-77.664581924,0.786139958
-77.664637495,0.786041593
-77.66469475,0.78594438
-77.664753131,0.785848298
-77.664813186,0.785753327
-77.664874377,0.785659498
-77.664937243,0.785566791
-77.665002927,0.785475775
-77.665070844,0.785386471
-77.665142139,0.78529941
-77.665215684,0.785214053
-77.665291463,0.785130386
-77.665369504,0.78504786
-77.665449217,0.784967016
-77.665530615,0.784887876
-77.665613698,0.784809306
-77.665698484,0.784732428
-77.665783808,0.7846561
-77.6658697,0.784580915
-77.66595672,0.7845063
-77.666043729,0.784432247
-77.666218885,0.784286406
-77.666305894,0.784213475
-77.666392925,0.784141107
-77.666479945,0.784069318
-77.666567514,0.783998092
-77.666655652,0.783927426
-77.666744358,0.783857331
-77.66683362,0.783787787
-77.666922884,0.783718814
-77.667012717,0.783650412
-77.667103097,0.78358201
-77.667193486,0.783514169
-77.667375373,0.783379629
-77.667558396,0.78324621
-77.667741987,0.783113364
-77.667833493,0.783047226
-77.667925558,0.782981088
-77.668017075,0.78291494
-77.668109148,0.782848792
-77.668292729,0.782715944
-77.668475741,0.782582515
-77.66856668,0.782515817
-77.668657629,0.782448548
-77.668748577,0.782380706
-77.66884796,0.78232642
-77.668948461,0.782273848
-77.669048941,0.782221826
-77.66915,0.782170386
-77.669353233,0.782068617
-77.669555362,0.781965715
-77.669655852,0.781912582
-77.669755225,0.781858856
-77.669853463,0.781803459
-77.669950593,0.781746349
-77.670046607,0.781687003
-77.670140915,0.781625936
-77.670232991,0.781561491
-77.670322814,0.781493651
-77.670409843,0.781420161
-77.670495166,0.781342701
-77.670577677,0.781261315
-77.670659082,0.781177654
-77.670739359,0.781091719
-77.670818519,0.781004672
-77.67089767,0.780917044
-77.670976822,0.780830567
-77.671055974,0.780745195
-77.671136263,0.780661546
-77.67121765,0.780581262
-77.671300744,0.780504387
-77.671385513,0.780432602
-77.671473096,0.780365887
-77.671563483,0.780305403
-77.671656682,0.780251695
-77.671753802,0.780206463
-77.671853737,0.780168576
-77.671957053,0.780136901
-77.672062039,0.780112022
-77.672169824,0.78009165
-77.672279876,0.78007695
-77.672391056,0.780065618
-77.672503903,0.780058243
-77.672617886,0.780053714
-77.672732978,0.78005144
-77.672849216,0.78005142
-77.672965981,0.780051962
-77.673199576,0.780054196
-77.673316352,0.780054738
-77.673432569,0.780054155
-77.673548796,0.780051298
-77.673663346,0.780046188
-77.673777316,0.7800377
-77.673890179,0.780025815
-77.674001902,0.78000997
-77.674114192,0.77999131
-77.674225919,0.77996925
-77.674337097,0.779943232
-77.674446557,0.779912685
-77.674553245,0.779876497
-77.674657687,0.779834666
-77.674758728,0.779787166
-77.67485922,0.779736278
-77.674958593,0.779682584
-77.675056849,0.779626596
-77.675153978,0.779567801
-77.675250527,0.779507323
-77.675345402,0.779444562
-77.675439718,0.779380677
-77.67553236,0.77931454
-77.675623875,0.77924726
-77.675713696,0.779178859
-77.675802401,0.779108755
-77.675888285,0.779035826
-77.675971936,0.778959522
-77.676053901,0.778880943
-77.676135308,0.778800672
-77.676215578,0.778719829
-77.676375563,0.778557593
-77.676456969,0.778477882
-77.676538936,0.778399876
-77.676622009,0.778323562
-77.676707914,0.778251205
-77.676796061,0.778181662
-77.676888127,0.778117791
-77.676985815,0.778061251
-77.677087989,0.778010934
-77.677194102,0.777966827
-77.677301913,0.777928945
-77.677410824,0.777896713
-77.677520297,0.777869564
-77.677630352,0.777847508
-77.677742084,0.777829389
-77.677854365,0.777814686
-77.677967215,0.77780224
-77.678080645,0.777790906
-77.678307466,0.7777694
-77.678420328,0.777757515
-77.678533177,0.777743364
-77.678644341,0.777725817
-77.678754944,0.777704892
-77.678864429,0.777678866
-77.678971668,0.777647769
-77.679077776,0.77761101
-77.679290004,0.77753639
-77.679396678,0.777497937
-77.679608903,0.777421021
-77.679715019,0.777381444
-77.679821683,0.777341868
-77.680033904,0.777261565
-77.68014002,0.777220295
-77.680245568,0.777179016
-77.680351671,0.777137175
-77.680457229,0.777095334
-77.68066833,0.777009388
-77.680773318,0.776965865
-77.680877737,0.776921197
-77.680982734,0.776876511
-77.681086595,0.776831855
-77.681191023,0.776786057
-77.681294315,0.776739686
-77.681500919,0.776645846
-77.68170529,0.776549701
-77.681807465,0.776500536
-77.681908535,0.776451351
-77.682009572,0.776401015
-77.682109526,0.7763507
-77.682209448,0.776299251
-77.682308812,0.776247232
-77.682407638,0.776194651
-77.682505877,0.776142082
-77.682603009,0.77608781
-77.682698442,0.776028445
-77.682791651,0.77596286
-77.68288147,0.775892204
-77.682967927,0.775815316
-77.683051006,0.775734492
-77.683130148,0.775649691
-77.683205941,0.775560935
-77.683276674,0.775469365
-77.68334348,0.775375534
-77.683404649,0.775279443
-77.683461354,0.775181651
-77.683514106,0.77508273
-77.683564068,0.774982118
-77.68361179,0.774879803
-77.683657239,0.774776366
-77.68370159,0.774671239
-77.683743672,0.774564978
-77.683784647,0.774457588
-77.683824486,0.774349605
-77.683863209,0.774241082
-77.683901374,0.774131439
-77.683938414,0.774022347
-77.684012492,0.773802458
-77.684048965,0.773692816
-77.684086582,0.773583163
-77.684123612,0.773474642
-77.684161779,0.773366112
-77.68420106,0.77325815
-77.684240911,0.773151892
-77.684282445,0.773046184
-77.684325104,0.772941608
-77.68436944,0.772838736
-77.684416026,0.772737575
-77.684464287,0.772637525
-77.684515377,0.772539738
-77.684568142,0.772444205
-77.684627632,0.772353197
-77.684709036,0.77228254
-77.684808408,0.772227694
-77.684920136,0.772183593
-77.685036927,0.772143437
-77.685151444,0.772102162
-77.685256994,0.772052403
-77.685347954,0.771989095
-77.685416982,0.77190712
-77.68547369,0.771812727
-77.685521949,0.771710983
-77.685564049,0.771602458
-77.685601086,0.771489969
-77.685634765,0.771374104
-77.685698725,0.77113954
-77.685731835,0.771023675
-77.685767749,0.770911749
-77.685808155,0.770804368
-77.685854752,0.770703187
-77.685908635,0.770609919
-77.685971507,0.770526256
-77.686045043,0.770453902
-77.686128696,0.770392272
-77.68622076,0.770340832
-77.686320132,0.770297294
-77.686425692,0.770260536
-77.686535738,0.770229429
-77.686650269,0.770202287
-77.686766483,0.770176838
-77.686884392,0.77015307
-77.687001743,0.77012819
-77.687117957,0.770101608
-77.687231937,0.77007164
-77.687341969,0.770036573
-77.687446958,0.769994724
-77.687549691,0.769947242
-77.687649641,0.76989352
-77.687747316,0.769834726
-77.687841641,0.769771415
-77.687932019,0.769703567
-77.688019598,0.769632915
-77.6881055,0.769558854
-77.68818913,0.769481971
-77.688270535,0.76940169
-77.688348006,0.769318606
-77.688422098,0.769232107
-77.688491169,0.769142796
-77.688559083,0.769052353
-77.688626431,0.768961359
-77.688694354,0.768870345
-77.688829088,0.768687204
-77.688895896,0.768595629
-77.689029493,0.768411358
-77.689095733,0.768318641
-77.689161405,0.768225944
-77.689227086,0.768132677
-77.689356199,0.767946142
-77.689420178,0.767851743
-77.689483619,0.767757345
-77.689545925,0.767662938
-77.689608229,0.767567979
-77.689669419,0.767473021
-77.68973003,0.767376921
-77.689789537,0.767281394
-77.689848485,0.767184723
-77.689906277,0.767088074
-77.689962984,0.766990844
-77.690012378,0.766890234
-77.690050537,0.766783979
-77.690081413,0.766674332
-77.690107777,0.766562413
-77.690133583,0.766450495
-77.690162198,0.766339145
-77.69019644,0.766230629
-77.690240215,0.766126062
-77.690295785,0.766025436
-77.690360337,0.765926517
-77.690428824,0.765829297
-77.690496176,0.765733201
-77.69055849,0.765636528
-77.690610128,0.765539313
-77.690647177,0.765440397
-77.690646037,0.765339788
-77.690588744,0.765236381
-77.690519112,0.76513126
-77.690484837,0.765023864
-77.690495481,0.764914786
-77.690522433,0.76480457
-77.690558905,0.764693225
-77.690598193,0.764581867
-77.69063355,0.764471073
-77.690659346,0.764359736
-77.690667759,0.764250089
-77.690652013,0.764141003
-77.690613258,0.764032488
-77.690562144,0.763924555
-77.690509358,0.763816612
-77.690464977,0.763708653
-77.690439135,0.763600136
-77.690441921,0.763491055
-77.690458191,0.763381972
-77.6904767,0.763272325
-77.690498575,0.763163237
-77.690522143,0.763053577
-77.690547952,0.762943934
-77.690575443,0.762834842
-77.690604636,0.762725186
-77.690635484,0.762615529
-77.690667486,0.762505871
-77.690700593,0.762396223
-77.690734248,0.762286564
-77.69076849,0.762176924
-77.690907671,0.761738294
-77.690941903,0.761628644
-77.690975569,0.761518995
-77.691008117,0.761409326
-77.691064232,0.761210927
-77.691117553,0.761065117
-77.691155711,0.760957709
-77.691192744,0.760850322
-77.691253569,0.760676608
-77.691285137,0.760140908
-77.691896661,0.759228053
-77.692464699,0.758492649
-77.693222125,0.757811685
-77.694195995,0.757185161
-77.69470994,0.756531457
-77.693508234,0.750844689
-77.693965242,0.750670265
-77.694286529,0.750447498
-77.69458653,0.750012126
-77.694693448,0.749724986
-77.695049969,0.749653149
-77.695941298,0.749653028
-77.696226475,0.749401755
-77.696440355,0.749114606
-77.696618551,0.748612116
-77.696689766,0.7479302
-77.696939267,0.747499482
-77.69715314,0.747140554
-77.697331345,0.74667396
-77.697438226,0.74617148
-77.697438099,0.745274233
-77.697509332,0.744771754
-77.697544911,0.744197513
-77.697544785,0.743336151
-77.697616065,0.743084907
-77.697865585,0.74279775
-77.698079467,0.742510604
-77.698186359,0.742044011
-77.69815065,0.741649234
-77.698150597,0.741254438
-77.697829675,0.740895581
-77.697508759,0.7406444
-77.697065164,0.740414559
-77.696887233,0.740377137
-77.696731721,0.740356825
-77.696529832,0.740357423
-77.695833044,0.740357515
-77.695501604,0.740424286
-77.691160989,0.740706597
-77.675385097,0.73720672
-77.673839467,0.732182305
-77.673897938,0.724944431
-77.674136121,0.72457266
-77.674325272,0.724085401
-77.67437671,0.723929005
-77.674416113,0.723789761
-77.674444456,0.723668307
-77.67446311,0.723559391
-77.67447568,0.723435744
-77.674486657,0.723264506
-77.674498847,0.723026254
-77.674510981,0.722755396
-77.67452014,0.722499616
-77.674523513,0.72229387
-77.674518616,0.72212109
-77.674502949,0.721951186
-77.674473393,0.72175969
-77.674426452,0.7215437
-77.674358245,0.721305833
-77.674264496,0.721044282
-77.674138303,0.720741446
-77.673972399,0.720375532
-77.67376654,0.719940222
-77.673547675,0.719491077
-77.673350037,0.719099215
-77.67319762,0.718816047
-77.673074306,0.718614272
-77.672954472,0.718446454
-77.672815255,0.718270052
-77.672647364,0.718060482
-77.672444607,0.717797682
-77.672208505,0.71747363
-77.671969289,0.717128241
-77.671764682,0.716813518
-77.671622732,0.716568822
-77.67153235,0.716383159
-77.671472695,0.716232915
-77.671425957,0.716096043
-77.671386048,0.715957643
-77.671349642,0.715804253
-77.671313602,0.715621864
-77.671274568,0.715392244
-77.671228752,0.715096059
-77.67117438,0.714723367
-77.671115739,0.714300449
-77.671058549,0.713862624
-77.671007429,0.713442686
-77.670962046,0.713063321
-77.670920823,0.712744458
-77.670882504,0.71249967
-77.670846654,0.71231692
-77.670813109,0.712178174
-77.67078027,0.712064165
-77.670741138,0.711953039
-77.670687036,0.711822127
-77.670608745,0.711650467
-77.670494065,0.711423862
-77.670330083,0.711129754
-77.670106854,0.710760643
-77.669826599,0.710330059
-77.66949461,0.709856
-77.669121636,0.709357895
-77.668741123,0.70885789
-77.668392003,0.708379312
-77.668104316,0.707942226
-77.667872113,0.707555207
-77.66768044,0.707224242
-77.667512678,0.706947467
-77.667345172,0.706694098
-77.667152015,0.706425972
-77.666918688,0.706119456
-77.666675222,0.705810743
-77.666462863,0.705550563
-77.666311092,0.705375589
-77.666203503,0.705265959
-77.666112489,0.705187491
-77.66601376,0.705113369
-77.665897978,0.705044002
-77.665759671,0.704987192
-77.665592102,0.704948961
-77.66538396,0.704930097
-77.665123225,0.704930179
-77.664802647,0.704946757
-77.66443602,0.704971059
-77.664041867,0.704992987
-77.663641703,0.705004354
-77.663268018,0.705006249
-77.66295552,0.70500214
-77.662728356,0.704994838
-77.662565427,0.704982806
-77.662434806,0.704964103
-77.662310473,0.704937183
-77.662190904,0.704904588
-77.662080474,0.704868927
-77.661980908,0.704831995
-77.661880629,0.704788568
-77.661764847,0.704732312
-77.661624485,0.704659595
-77.661472368,0.704580462
-77.6613269,0.70450764
-77.661199445,0.704451913
-77.66107351,0.704413178
-77.660925309,0.704388943
-77.660740134,0.704377068
-77.660538347,0.704375481
-77.660348946,0.704382564
-77.660195246,0.704395825
-77.660074736,0.70440884
-77.659979007,0.704414547
-77.659899874,0.704406459
-77.659829912,0.704381111
-77.659761755,0.704335634
-77.659690298,0.704270101
-77.659618038,0.704197342
-77.659549348,0.704132529
-77.659486132,0.704087418
-77.659418155,0.704056657
-77.659332668,0.704030952
-77.659221607,0.704003331
-77.659095939,0.703976583
-77.658971499,0.703955458
-77.658860521,0.703944528
-77.658761201,0.703943833
-77.658668251,0.703953066
-77.658572233,0.70397377
-77.658447395,0.704016771
-77.658263692,0.70409467
-77.658006193,0.704212343
-77.657720163,0.704344003
-77.657465995,0.704455899
-77.657286057,0.704522609
-77.657150923,0.704553047
-77.657013642,0.704564139
-77.65684029,0.704571151
-77.656650799,0.704580048
-77.656478609,0.704594736
-77.656348139,0.704618665
-77.656248438,0.704653637
-77.656159401,0.70470116
-77.656065693,0.704760887
-77.65596946,0.704825658
-77.655877008,0.704886657
-77.655791737,0.704936995
-77.655704059,0.704977389
-77.655601299,0.70501091
-77.65547648,0.705040077
-77.655345735,0.705067445
-77.65523106,0.705095541
-77.655147062,0.705128716
-77.655079277,0.705179611
-77.65500591,0.705262739
-77.654912161,0.705384786
-77.654901019,0.705399611
-77.654756312,0.705596739
-77.654639046,0.705723787
-77.654573889,0.705772656
-77.654401232,0.705841064
-77.654290465,0.705990923
-77.654064244,0.705903637
-77.654021254,0.705888293
-77.653914561,0.70585722
-77.653807896,0.705834628
-77.653701199,0.705824476
-77.6535934,0.70584539
-77.653485618,0.705887796
-77.653377263,0.705936998
-77.653268348,0.705980538
-77.65315829,0.706003157
-77.653047697,0.706002603
-77.652935408,0.705997536
-77.652822539,0.705989074
-77.652709127,0.705976651
-77.652595696,0.705960269
-77.652482846,0.705939375
-77.65237111,0.705915083
-77.652261062,0.705885717
-77.652152704,0.705852962
-77.652047708,0.705815091
-77.651944383,0.705772157
-77.651843313,0.705724129
-77.651743365,0.70567214
-77.65164454,0.705616191
-77.651546281,0.705558558
-77.651350865,0.705439891
-77.651253162,0.705381134
-77.651154904,0.705323501
-77.651055532,0.705268685
-77.650955017,0.705217258
-77.650852803,0.705170373
-77.650748929,0.705129123
-77.650642254,0.705095785
-77.650532767,0.705069796
-77.650421601,0.70504834
-77.6503093,0.705029701
-77.650197011,0.705011635
-77.650084711,0.704992996
-77.649973523,0.704970406
-77.649864043,0.704942725
-77.649756801,0.704908815
-77.649541178,0.704839904
-77.64921608,0.70473482
-77.649107712,0.704698666
-77.648999907,0.70466194
-77.648892115,0.704624653
-77.648785426,0.704586222
-77.648678725,0.704546117
-77.648573737,0.704504878
-77.648468737,0.704461924
-77.648365419,0.704417286
-77.648263225,0.704370962
-77.648162721,0.704322362
-77.648063333,0.704271515
-77.647965634,0.70421784
-77.647872412,0.704157366
-77.647784829,0.704088996
-77.647701165,0.704013829
-77.647620294,0.703933577
-77.647541125,0.703849935
-77.647385013,0.703680405
-77.647305268,0.703597895
-77.647223283,0.703518225
-77.647137927,0.703444743
-77.647048094,0.703376375
-77.646953762,0.703310829
-77.646856594,0.703249214
-77.646756096,0.703193847
-77.646652785,0.703145249
-77.646547778,0.703105693
-77.646441096,0.703076325
-77.64632881,0.703050919
-77.646213142,0.703029446
-77.646095806,0.703014759
-77.645979023,0.703008003
-77.645865027,0.703011981
-77.645755543,0.703028956
-77.645653367,0.703060039
-77.645557369,0.70310811
-77.645465851,0.703169721
-77.645377718,0.70324095
-77.64529181,0.703318967
-77.645205934,0.703399799
-77.645119469,0.703479519
-77.645031338,0.703554679
-77.644939268,0.703621953
-77.644840452,0.703682456
-77.64473098,0.703742937
-77.644618696,0.703785918
-77.644512003,0.703795533
-77.644415434,0.703761645
-77.644323352,0.703707395
-77.644234625,0.703640149
-77.644147036,0.703563851
-77.644059433,0.703483032
-77.643971273,0.703402224
-77.643880857,0.703326509
-77.643787648,0.703259247
-77.643689381,0.703206143
-77.643586626,0.703167158
-77.6434805,0.703136656
-77.643371023,0.703112921
-77.643259847,0.703094292
-77.643146992,0.703079612
-77.643033014,0.70306719
-77.642918479,0.703056462
-77.642803922,0.703044611
-77.642579346,0.703015251
-77.642467614,0.702997183
-77.642355315,0.702981371
-77.642018988,0.702935638
-77.641906699,0.702919255
-77.641795513,0.702900625
-77.641684923,0.702879719
-77.641574858,0.702855454
-77.641466483,0.702827189
-77.641359825,0.702791043
-77.641254256,0.702745834
-77.641150943,0.70269554
-77.641047618,0.70264243
-77.640944861,0.702590453
-77.640840983,0.702542986
-77.640736562,0.70250287
-77.640630437,0.702474051
-77.640522062,0.702458246
-77.640412571,0.702453738
-77.640301411,0.702457142
-77.640189679,0.702467333
-77.640076817,0.702482606
-77.639963967,0.702501288
-77.639850559,0.702522206
-77.639737153,0.702542573
-77.639624304,0.702562378
-77.639473266,0.702582733
-77.63936601,0.702534147
-77.639256535,0.702487807
-77.639168368,0.70242396
-77.63912007,0.702330137
-77.639099279,0.70221315
-77.63908635,0.70209049
-77.639063302,0.701977463
-77.639010527,0.701889289
-77.638916176,0.701825435
-77.638799396,0.701784756
-77.6386843,0.70177064
-77.638579866,0.701805705
-77.638476003,0.701882582
-77.63837551,0.701941372
-77.638281178,0.701929524
-77.638180118,0.701880924
-77.638077926,0.701812556
-77.637983033,0.701730048
-77.637904404,0.701639055
-77.637851616,0.701545238
-77.637836449,0.701441246
-77.637857769,0.701320846
-77.637932962,0.701069887
-77.637950346,0.700960237
-77.637929001,0.700874895
-77.637848708,0.700834207
-77.637724626,0.700828007
-77.637587632,0.700827471
-77.637468037,0.700803744
-77.637389974,0.700734795
-77.637322025,0.700649459
-77.637256331,0.700556774
-77.637193988,0.700457871
-77.637135586,0.700354444
-77.63708224,0.700247633
-77.63703393,0.700137983
-77.636992929,0.700028358
-77.63695867,0.699918707
-77.636933385,0.699810753
-77.636922141,0.69970336
-77.636944576,0.699585234
-77.636991167,0.699460876
-77.637047287,0.699337101
-77.637099498,0.699220086
-77.637134302,0.699115515
-77.637138211,0.699030184
-77.63709554,0.698975353
-77.637002899,0.6989618
-77.636877685,0.698973123
-77.636739012,0.69898953
-77.636605944,0.69899295
-77.636495894,0.698962999
-77.636403806,0.69890141
-77.636317886,0.69882116
-77.636235903,0.69873016
-77.636156167,0.698635781
-77.6360753,0.698545934
-77.635991066,0.698468509
-77.635901799,0.698411448
-77.635805213,0.698381497
-77.635702478,0.698372474
-77.635596915,0.698376445
-77.635488542,0.698391142
-77.635377945,0.698414334
-77.635265639,0.698443731
-77.635152243,0.69847767
-77.634924864,0.698550059
-77.634811458,0.69858455
-77.634621673,0.698632611
-77.634512745,0.698598711
-77.634400455,0.698568765
-77.63428927,0.698538826
-77.634181467,0.69850266
-77.634080973,0.698455781
-77.63399169,0.698391924
-77.63391308,0.698309974
-77.633841748,0.698214465
-77.633774922,0.698112175
-77.633708643,0.698009877
-77.633640705,0.697912099
-77.63356715,0.697826776
-77.633484596,0.697758944
-77.633390838,0.697714878
-77.633289204,0.697687198
-77.633183633,0.697666868
-77.633075845,0.697653308
-77.632965216,0.697645412
-77.632852925,0.697642039
-77.632738407,0.697642056
-77.632622726,0.697645462
-77.632506508,0.697650001
-77.632271823,0.697660195
-77.632155047,0.697664163
-77.632038826,0.697665324
-77.63192371,0.697664209
-77.631809744,0.697658
-77.631698006,0.697647279
-77.631585146,0.69762865
-77.631471162,0.69759814
-77.631361113,0.697555771
-77.631261171,0.69749982
-77.631176922,0.697429192
-77.631110119,0.697343844
-77.6310545,0.697247761
-77.631005647,0.697143774
-77.630961272,0.697035262
-77.630916348,0.69692618
-77.630868051,0.696819927
-77.630813017,0.696719914
-77.630746757,0.696629483
-77.630671503,0.69654753
-77.630592883,0.696467856
-77.630511465,0.696389296
-77.630428368,0.69631244
-77.630343,0.69623728
-77.630255392,0.696163256
-77.630166691,0.696091478
-77.630076268,0.696020833
-77.629985309,0.695951884
-77.629893215,0.695884659
-77.629800564,0.695818528
-77.629707348,0.695754101
-77.629613585,0.695691389
-77.629519245,0.695630341
-77.629419295,0.695576104
-77.629313733,0.695528648
-77.629204822,0.695490226
-77.629093647,0.69546142
-77.628983018,0.695442788
-77.628872967,0.695437708
-77.62876181,0.695446193
-77.628649517,0.695465437
-77.628536658,0.695489751
-77.628423811,0.695514636
-77.628310972,0.695536125
-77.62819924,0.69554914
-77.628089193,0.695548584
-77.627980826,0.695519214
-77.627874137,0.695467808
-77.62776802,0.695412984
-77.627661887,0.695372866
-77.627554104,0.695366672
-77.627445165,0.695384769
-77.62733625,0.69540852
-77.627226762,0.695437353
-77.627116719,0.695469605
-77.627006678,0.695505205
-77.626896629,0.695543101
-77.62678661,0.695582681
-77.626676553,0.695623394
-77.626456477,0.695703668
-77.626346428,0.695742697
-77.626237503,0.695779448
-77.626128029,0.695813354
-77.626019099,0.695843901
-77.625911312,0.695870479
-77.62580351,0.695891411
-77.625696272,0.695907251
-77.625589596,0.695915733
-77.625484052,0.695917447
-77.625380166,0.69590277
-77.625278529,0.695870576
-77.625178026,0.695824811
-77.625079208,0.695767726
-77.6249815,0.695702741
-77.624883797,0.695632673
-77.62478666,0.695560899
-77.624689506,0.69549025
-77.624591228,0.695424142
-77.624488494,0.69536254
-77.624399206,0.695291913
-77.62431105,0.695217879
-77.62422345,0.695141588
-77.624136418,0.695064736
-77.624048808,0.694989015
-77.623960086,0.694915543
-77.623870251,0.694846041
-77.623779283,0.694781621
-77.623685515,0.69472397
-77.623588933,0.694674241
-77.623486748,0.694643183
-77.623375572,0.694640369
-77.623258224,0.69465337
-77.623140322,0.69467034
-77.623024106,0.694678848
-77.622914617,0.694667002
-77.622806255,0.694631958
-77.622699563,0.694578848
-77.622602977,0.694510483
-77.622526626,0.69442852
-77.622476058,0.694334719
-77.622444061,0.694227889
-77.622422128,0.694113155
-77.622403578,0.693996161
-77.622380002,0.693881419
-77.622343484,0.693774033
-77.622290682,0.693675139
-77.622228361,0.693579623
-77.622157042,0.693488071
-77.622079543,0.69340217
-77.621996443,0.693324179
-77.621908293,0.693255788
-77.621807207,0.693204368
-77.621694353,0.693166531
-77.62157924,0.693132063
-77.621470876,0.69309365
-77.621377668,0.693041653
-77.621314781,0.692960851
-77.621299034,0.692835937
-77.621296784,0.692701408
-77.621266442,0.692596855
-77.621181653,0.692549943
-77.621077787,0.692521131
-77.620964368,0.692501949
-77.620843636,0.692490101
-77.620718445,0.692482756
-77.620590996,0.692478251
-77.620464095,0.692473173
-77.620341135,0.69246641
-77.620224346,0.692453997
-77.620115976,0.692434792
-77.620019966,0.692405401
-77.619937431,0.692363591
-77.619884086,0.692298612
-77.619880145,0.692194057
-77.619907623,0.692064048
-77.619946914,0.691924425
-77.619978342,0.691790462
-77.61998225,0.691676861
-77.619939572,0.69159831
-77.619856474,0.691551396
-77.619746973,0.691523721
-77.61962122,0.691509049
-77.61948814,0.691498885
-77.619358434,0.691485899
-77.619241088,0.691462169
-77.619146752,0.691420377
-77.619088353,0.691348023
-77.619075998,0.691229902
-77.619091147,0.691086348
-77.619113576,0.690941075
-77.619121978,0.690818428
-77.619095573,0.69074213
-77.619025392,0.690722353
-77.618937805,0.69073084
-77.618837867,0.690760818
-77.618727263,0.69080492
-77.618610491,0.690857487
-77.618489789,0.690912331
-77.618369082,0.690962646
-77.618250619,0.691002813
-77.618137759,0.691025974
-77.61802772,0.691026559
-77.617914289,0.69100454
-77.617803677,0.690968944
-77.617700363,0.69091923
-77.61760714,0.690861578
-77.617517868,0.690799412
-77.617430277,0.690734427
-77.617344356,0.690666606
-77.61725957,0.690596547
-77.617104718,0.690461771
-77.617092252,0.690450754
-77.616926016,0.690299286
-77.61684236,0.69022243
-77.616689618,0.690085096
-77.616281975,0.690058024
-77.615899057,0.690028117
-77.615457731,0.689820756
-77.614692405,0.689494716
-77.614398159,0.68922855
-77.614133094,0.68884311
-77.613720946,0.688487642
-77.612749603,0.688339681
-77.612249309,0.688221062
-77.611749031,0.688191742
-77.611160066,0.688191811
-77.610571599,0.68789572
-77.6099534,0.68751032
-77.609512038,0.687214197
-77.608981949,0.686799407
-77.608540606,0.686503304
-77.608098708,0.686265967
-77.607569183,0.685792381
-77.607392266,0.685347592
-77.607392206,0.684843979
-77.607215851,0.684488502
-77.606744769,0.684281128
-77.606685772,0.6840737
-77.606597592,0.683747589
-77.606332544,0.683481418
-77.60577331,0.683274059
-77.605685069,0.682592409
-77.605478923,0.681940761
-77.605095981,0.681733381
-77.604889904,0.681585316
-77.604330641,0.681051828
-77.604036345,0.680400174
-77.604036265,0.679837232
-77.603948047,0.679184984
-77.603918257,0.679096256
-77.603594203,0.678385264
-77.603211812,0.678029785
-77.602933298,0.677786237
-77.602392402,0.676152278
-77.601551192,0.675070014
-77.600181212,0.675070182
-77.599145377,0.675471591
-77.598198151,0.675335505
-77.596980745,0.674110271
-77.596574746,0.673565464
-77.594950926,0.6730208
-77.593057101,0.673021044
-77.591163334,0.673566132
-77.589268953,0.673566365
-77.588322209,0.672612967
-77.58832199,0.670842739
-77.587915895,0.669480631
-77.58723929,0.669072049
-77.585793435,0.668481577
-77.585074707,0.66811937
-77.583992057,0.666893559
-77.583044833,0.666621237
-77.58113803,0.6659596
-77.578840709,0.66277153
-77.576728172,0.660186482
-77.573933639,0.659182432
-77.573778073,0.658766461
-77.573553998,0.658431328
-77.573301882,0.658213731
-77.572944754,0.658057782
-77.571812255,0.657819382
-77.569381104,0.657759763
-77.569111032,0.657699311
-77.568904389,0.657586293
-77.568657317,0.657304278
-77.568220983,0.656498892
-77.567716145,0.655767008
-77.566719959,0.654540053
-77.566366697,0.653638023
-77.566219003,0.653383686
-77.565439047,0.652696483
-77.564774191,0.652004155
-77.564312083,0.651682607
-77.563773039,0.651428333
-77.56289768,0.651104556
-77.561063319,0.650666168
-77.559835371,0.650276307
-77.559375505,0.650192143
-77.558486137,0.650153803
-77.558116114,0.650078108
-77.556392908,0.649380261
-77.555470962,0.649254892
-77.554905002,0.649288288
-77.554631582,0.649390064
-77.553749016,0.649912415
-77.552854659,0.650289516
-77.552009104,0.650512866
-77.551245511,0.650563824
-77.55050268,0.650466692
-77.54992996,0.650288146
-77.549622264,0.650104484
-77.549065781,0.649541584
-77.548749658,0.649324021
-77.548135947,0.649030732
-77.547663747,0.6489607
-77.547325748,0.64908961
-77.546556069,0.649727257
-77.545775671,0.65024564
-77.545362455,0.650436168
-77.545031752,0.650485942
-77.544026719,0.650406926
-77.543170479,0.650428483
-77.542333923,0.650571583
-77.54151026,0.650828283
-77.540636624,0.650723239
-77.540236846,0.650761152
-77.539862365,0.650860112
-77.539471047,0.65105232
-77.538736157,0.651732919
-77.538114646,0.652099811
-77.536740217,0.652624476
-77.535553321,0.652952992
-77.534822868,0.653062738
-77.534342249,0.653070129
-77.534258023,0.653051489
-77.534013211,0.652998373
-77.533064291,0.652622049
-77.532402331,0.652563899
-77.531914415,0.652638555
-77.531625279,0.652794583
-77.530933033,0.653322017
-77.529871916,0.653828573
-77.529638928,0.654056365
-77.529095494,0.654748237
-77.528369585,0.65533558
-77.527439282,0.655875463
-77.526820016,0.656127617
-77.526249011,0.656206794
-77.525679121,0.656168993
-77.525318637,0.656049768
-77.52468974,0.655608976
-77.524415167,0.655479576
-77.52389468,0.655436104
-77.523416885,0.655520371
-77.523000852,0.655773055
-77.522707814,0.656138222
-77.522670222,0.65636149
-77.522735965,0.656975316
-77.522598455,0.657260752
-77.522088657,0.657630461
-77.521715306,0.657791583
-77.521414368,0.657862284
-77.521010116,0.657882656
-77.520523319,0.657839754
-77.519326244,0.657571396
-77.518859064,0.657323906
-77.518396368,0.656815803
-77.518193089,0.656656445
-77.517767489,0.65645018
-77.517319979,0.656333791
-77.516875857,0.65635023
-77.516015155,0.656639718
-77.515610341,0.656713778
-77.513000629,0.656835023
-77.511947349,0.657136396
-77.511567231,0.657179951
-77.511233144,0.65706297
-77.510628944,0.656438482
-77.510219603,0.656188721
-77.509872054,0.656146342
-77.508614364,0.656201291
-77.506807513,0.655715394
-77.506388658,0.65590083
-77.50604563,0.656153508
-77.505846896,0.656438971
-77.505508971,0.65719413
-77.505251278,0.657539519
-77.50472075,0.658063526
-77.504015033,0.65853893
-77.503588882,0.658672951
-77.503054369,0.658701824
-77.501944879,0.658467937
-77.501344098,0.658426735
-77.50103081,0.658523983
-77.500325082,0.658916313
-77.499918582,0.658994366
-77.499081428,0.65896223
-77.498179681,0.65880632
-77.497793401,0.658849308
-77.497434088,0.659060181
-77.496129903,0.660241057
-77.495213636,0.660922224
-77.493112181,0.662280105
-77.492542323,0.662565589
-77.492198139,0.662650969
-77.491723692,0.662557756
-77.491239655,0.662277455
-77.491035828,0.662021993
-77.49092966,0.661397998
-77.490667963,0.661034035
-77.489978422,0.660536712
-77.489327097,0.660289209
-77.489172136,0.660188044
-77.489059796,0.659974968
-77.488889596,0.659199502
-77.48792317,0.657693869
-77.487313915,0.657110052
-77.485926985,0.656128412
-77.48560301,0.655998445
-77.485312728,0.65596965
-77.484618766,0.656239888
-77.484149953,0.656263098
-77.48351715,0.656118455
-77.482925335,0.655831404
-77.482603038,0.655782817
-77.482303214,0.655798102
-77.481993849,0.655916823
-77.481695169,0.656181957
-77.481462194,0.656535808
-77.481334219,0.656929751
-77.481111496,0.657244202
-77.481027827,0.65736365
-77.480973982,0.657271538
-77.480894041,0.657103906
-77.480684528,0.65621709
-77.480655252,0.655386206
-77.480738308,0.654918201
-77.480899401,0.654527063
-77.481063891,0.65431509
-77.481659017,0.653795601
-77.481856605,0.653277257
-77.481846458,0.652895189
-77.481516251,0.652191512
-77.481426944,0.651793046
-77.481376351,0.651232922
-77.481450427,0.650841213
-77.481744605,0.650470398
-77.482299294,0.650110876
-77.482562074,0.650045287
-77.483237508,0.650005084
-77.483463213,0.64990106
-77.48352832,0.649708316
-77.483502443,0.649127834
-77.48363993,0.648404348
-77.48354838,0.648135301
-77.483135092,0.647621002
-77.482999195,0.647355363
-77.482900901,0.646980083
-77.482752571,0.645992062
-77.482542535,0.645443276
-77.482240975,0.644928951
-77.482190429,0.64482326
-77.48183159,0.644231511
-77.481062284,0.643174615
-77.48050805,0.642586286
-77.479243999,0.640636962
-77.479033912,0.63946189
-77.479033783,0.638312806
-77.479844412,0.636909843
-77.480255933,0.636288642
-77.480385609,0.636092496
-77.480385551,0.635533039
-77.480143723,0.634516641
-77.479032103,0.632279095
-77.479032013,0.631189918
-77.480249751,0.630372488
-77.48065564,0.629691357
-77.480520148,0.627784892
-77.480520087,0.627103798
-77.480898953,0.625798673
-77.48089885,0.624633198
-77.480655044,0.623154617
-77.480324215,0.621895893
-77.479972537,0.619772962
-77.479972377,0.618006451
-77.48001373,0.617743098
-77.480091294,0.617490981
-77.480436912,0.61714538
-77.480650497,0.616867698
-77.480684344,0.616686705
-77.480702837,0.616511647
-77.480704921,0.616342545
-77.480691309,0.616159638
-77.480661755,0.615964068
-77.480616056,0.615754141
-77.480552905,0.615523801
-77.480524629,0.615442358
-77.480487854,0.615359324
-77.480442246,0.615273871
-77.480386893,0.615184303
-77.480272157,0.615023387
-77.479986802,0.614657428
-77.479865699,0.614477567
-77.479817838,0.614390971
-77.47977966,0.61430757
-77.479750576,0.614226115
-77.479730347,0.614145909
-77.479714799,0.614033045
-77.479706082,0.613903063
-77.479705602,0.61377522
-77.47971301,0.613645647
-77.479723975,0.613551094
-77.479757623,0.613526499
-77.479902947,0.613407165
-77.480035929,0.613284099
-77.480146915,0.613167274
-77.480254636,0.613038219
-77.480358017,0.612898278
-77.480455527,0.612749479
-77.480545762,0.612593956
-77.48062744,0.612433938
-77.480699404,0.612271669
-77.480760733,0.612109276
-77.480827758,0.611883637
-77.480870666,0.611666493
-77.480883881,0.611507652
-77.480871417,0.611342861
-77.480839748,0.611187095
-77.48078729,0.611011983
-77.480559384,0.610423445
-77.480485335,0.610203649
-77.48043591,0.609988601
-77.480420481,0.6097962
-77.480430806,0.609600955
-77.480452877,0.609396728
-77.480485557,0.609194492
-77.480528368,0.608996439
-77.480580308,0.608806783
-77.480640948,0.608626664
-77.480709652,0.608458022
-77.480785826,0.608302238
-77.480915048,0.608092109
-77.481068477,0.607903329
-77.481254995,0.607721408
-77.481465069,0.607558361
-77.481695234,0.607416114
-77.481696799,0.607415352
-77.481691056,0.60740607
-77.481609081,0.607283573
-77.481676392,0.607051747
-77.48172614,0.606845309
-77.481758316,0.606664248
-77.481772929,0.606508564
-77.481769748,0.606376071
-77.481748338,0.606269907
-77.481704802,0.606184944
-77.481682737,0.606163061
-77.481655261,0.606150145
-77.481615222,0.606146029
-77.481566524,0.606153961
-77.481440061,0.606206638
-77.481292665,0.606294248
-77.480916821,0.606546784
-77.480961059,0.605667697
-77.481555094,0.605234062
-77.482564944,0.60475884
-77.48292889,0.603712478
-77.483042596,0.603389677
-77.483693599,0.602620326
-77.484584645,0.601687691
-77.485178669,0.60049964
-77.486010312,0.59976898
-77.486069717,0.59871755
-77.485891512,0.597588889
-77.486010317,0.59616322
-77.486901359,0.595432568
-77.487673604,0.594779131
-77.487851811,0.593828672
-77.487851807,0.591868382
-77.487435984,0.591274346
-77.487257777,0.590323898
-77.486901366,0.589551662
-77.487317181,0.588957633
-77.487614197,0.587591363
-77.488208237,0.586997325
-77.488564645,0.586522104
-77.48862405,0.585512255
-77.488980465,0.585096428
-77.48933689,0.584710309
-77.490287335,0.584413298
-77.49082196,0.583641058
-77.491118985,0.582809421
-77.49114876,0.582787085
-77.49204886,0.582274787
-77.492722862,0.582274787
-77.493910914,0.582155986
-77.495039582,0.581680758
-77.496821665,0.58114614
-77.498187936,0.580433295
-77.499316594,0.579304632
-77.499944531,0.578610597
-77.500326457,0.57780768
-77.501190545,0.577043574
-77.501633313,0.576441411
-77.502346154,0.57555037
-77.502346155,0.575134546
-77.501989733,0.574968212
-77.501633309,0.57431478
-77.501930335,0.574065287
-77.502405556,0.573887081
-77.502643166,0.573471264
-77.502524364,0.57300792
-77.502405559,0.572116871
-77.502613466,0.570869406
-77.502851075,0.570334774
-77.502851076,0.569443735
-77.503266903,0.568730897
-77.504276753,0.568077459
-77.504989589,0.567542835
-77.505227199,0.566770592
-77.505999443,0.566235976
-77.506860782,0.565927076
-77.507751822,0.565927077
-77.50879138,0.566057766
-77.509593321,0.565630057
-77.509801235,0.565166711
-77.509444806,0.564335073
-77.509741833,0.563681634
-77.510276457,0.563147012
-77.510335854,0.562552989
-77.510335862,0.56154314
-77.509979445,0.561186713
-77.509682419,0.560533276
-77.509682427,0.559879856
-77.510038834,0.559107607
-77.51027645,0.558216555
-77.510692269,0.557622533
-77.510989298,0.555810738
-77.510989293,0.554147449
-77.511523913,0.553375212
-77.511464515,0.552246563
-77.511464521,0.551355512
-77.511761532,0.550345663
-77.51223676,0.54975163
-77.513008996,0.549692231
-77.513751527,0.549828852
-77.514256459,0.54945462
-77.51452377,0.548878404
-77.514434668,0.548028944
-77.514197056,0.547019096
-77.51419706,0.546484462
-77.514553472,0.545652822
-77.514909888,0.545355804
-77.515563327,0.544167738
-77.515979142,0.543276703
-77.516632576,0.542801479
-77.517167201,0.541554012
-77.517226614,0.54036595
-77.517820641,0.539177885
-77.518058249,0.53831655
-77.517949912,0.537904866
-77.51743538,0.535630431
-77.517820637,0.534811775
-77.518681534,0.534040511
-77.519662133,0.53279206
-77.52114721,0.532198033
-77.521266023,0.530891159
-77.521325414,0.530000123
-77.521028403,0.528515044
-77.520850196,0.527267587
-77.520612588,0.526257732
-77.520553179,0.52530728
-77.521028407,0.52429743
-77.521681841,0.523287582
-77.522216465,0.522455936
-77.522454078,0.521089657
-77.522335275,0.519782806
-77.521384826,0.518654136
-77.521099225,0.517922067
-77.520909597,0.517020561
-77.520493771,0.515951308
-77.520434374,0.515000855
-77.520374971,0.514228617
-77.520434379,0.513396975
-77.520493772,0.512387124
-77.52007795,0.511911901
-77.518830491,0.511377274
-77.518177056,0.510902046
-77.517880046,0.509773391
-77.51788004,0.508882345
-77.517761231,0.508169511
-77.517880046,0.507575483
-77.517998846,0.506743836
-77.517642428,0.506149813
-77.517286016,0.505318169
-77.517404819,0.504545924
-77.517701837,0.502823236
-77.517701839,0.501932191
-77.517583025,0.501278757
-77.517404818,0.500684727
-77.516988995,0.499853082
-77.516929591,0.49878383
-77.516989,0.49783339
-77.516989,0.497179953
-77.516810794,0.496467107
-77.516335565,0.49539785
-77.516573179,0.494803822
-77.517286016,0.494150394
-77.518058251,0.493793977
-77.51865228,0.493110846
-77.518771091,0.492100985
-77.519424521,0.490378299
-77.51978094,0.488715022
-77.520731391,0.486932926
-77.52102841,0.485447848
-77.521206612,0.484319196
-77.521384825,0.48336874
-77.522157059,0.482299487
-77.522513479,0.48152725
-77.522988698,0.480695599
-77.523107509,0.479863961
-77.523107511,0.478854116
-77.523642138,0.478260085
-77.524057953,0.477725447
-77.524057957,0.476893809
-77.523939152,0.476240387
-77.523345128,0.475468138
-77.52328572,0.474398881
-77.523760945,0.473626647
-77.524236169,0.472973208
-77.525008407,0.472319771
-77.525483625,0.471636647
-77.525483629,0.471220824
-77.52506781,0.470923811
-77.524592587,0.470626796
-77.524592586,0.470322698
-77.524739171,0.46926898
-77.524889595,0.468607093
-77.52506781,0.467834849
-77.524770795,0.467240817
-77.523879749,0.467003209
-77.523166916,0.466765591
-77.52281049,0.465399329
-77.523137205,0.464526104
-77.523077805,0.463753866
-77.522454074,0.462607375
-77.521800641,0.462132157
-77.521325416,0.461478725
-77.521087806,0.460647079
-77.521028401,0.459756036
-77.520909593,0.459280805
-77.520018557,0.459043198
-77.519573025,0.458942215
-77.519038403,0.458466995
-77.518949299,0.457795737
-77.519186917,0.457082904
-77.519543332,0.456132446
-77.519602738,0.455360208
-77.519483927,0.454706779
-77.519186916,0.454231563
-77.518474076,0.453637522
-77.518236459,0.452865284
-77.518652279,0.452390057
-77.519186909,0.451855431
-77.519246313,0.45126141
-77.519246306,0.450548562
-77.51957303,0.449912958
-77.520137354,0.449093199
-77.52037497,0.448320948
-77.520493772,0.447429908
-77.5210878,0.446835886
-77.521266019,0.446182449
-77.521266019,0.445647818
-77.521444229,0.445231999
-77.521919453,0.444816171
-77.522038258,0.444400351
-77.521978855,0.44362811
-77.521563032,0.442618269
-77.521325419,0.442261836
-77.520850195,0.441489599
-77.520493776,0.441014377
-77.520196765,0.440717365
-77.520137357,0.440123339
-77.520077955,0.439410499
-77.519602733,0.438400652
-77.519246305,0.437925417
-77.519246313,0.436499752
-77.520077956,0.435965129
-77.520909592,0.435727518
-77.521622433,0.43519288
-77.521681843,0.434480048
-77.521563028,0.434004825
-77.521384819,0.433707806
-77.520968999,0.432876165
-77.520968999,0.432103927
-77.521860046,0.431569301
-77.522216461,0.430856464
-77.522275867,0.429906012
-77.522157054,0.429252583
-77.522097665,0.42895556
-77.521444222,0.42732199
-77.520909591,0.426133917
-77.520257663,0.424740479
-77.519840336,0.423520187
-77.519305716,0.422510336
-77.519424515,0.421738094
-77.520434376,0.420906455
-77.521087805,0.419837194
-77.521206616,0.418589736
-77.521444232,0.416985852
-77.522513488,0.416451233
-77.523404523,0.416451232
-77.524295567,0.415441376
-77.525186613,0.414966149
-77.527087518,0.4137781
-77.527681546,0.413124662
-77.527800344,0.412293015
-77.527800349,0.41045152
-77.528037963,0.409679283
-77.528810193,0.409560476
-77.529523039,0.409560477
-77.529641839,0.409263457
-77.529493333,0.408817944
-77.529315134,0.408520922
-77.52931513,0.407808093
-77.529077521,0.407451666
-77.529077514,0.407154657
-77.529196323,0.406501217
-77.529255728,0.405966586
-77.529255726,0.405491373
-77.528127066,0.405313162
-77.527651846,0.404659725
-77.527599123,0.403974356
-77.527295423,0.402180753
-77.527295421,0.400918026
-77.488591799,0.41596454
-77.458846468,0.427528407
-77.45504539,0.430710902
-77.454900608,0.430710906
-77.453018447,0.430565241
-77.451281116,0.43114834
-77.449688583,0.432314435
-77.448530409,0.433772016
-77.447227465,0.43537535
-77.44606929,0.436832929
-77.444476743,0.437707517
-77.442594599,0.437853372
-77.440857195,0.437124687
-77.439264568,0.436250249
-77.437527173,0.435667326
-77.435500223,0.435230175
-77.433618067,0.435230257
-77.432315107,0.436687838
-77.431156933,0.438145418
-77.430782728,0.438737449
-77.430531404,0.438449618
-77.43033362,0.438242407
-77.430150523,0.43807328
-77.429947492,0.437915612
-77.429734562,0.437783808
-77.429478936,0.437655913
-77.429196316,0.437541907
-77.428881998,0.437440429
-77.428539561,0.43735312
-77.428129469,0.437273221
-77.427831026,0.437234643
-77.427504942,0.437215728
-77.427142196,0.437216133
-77.426728661,0.437235279
-77.426164216,0.437277645
-77.426000167,0.437300759
-77.425816493,0.437336909
-77.425042168,0.437524193
-77.424868053,0.437555014
-77.424711124,0.437572983
-77.424565762,0.437578733
-77.424429578,0.437572326
-77.424301575,0.437553886
-77.424171366,0.437522009
-77.423972096,0.437449916
-77.423755443,0.437344873
-77.423541759,0.437221731
-77.422972853,0.436869066
-77.422799719,0.436774281
-77.422641642,0.436699643
-77.422466258,0.436631109
-77.422265279,0.436564742
-77.421581746,0.436375663
-77.421330693,0.4362984
-77.421088966,0.436207245
-77.420880282,0.436106951
-77.420702588,0.435995924
-77.420630225,0.435939476
-77.420423314,0.435751917
-77.42042961,0.435121525
-77.420437147,0.434957965
-77.420459969,0.434878754
-77.420490849,0.434726714
-77.420521652,0.434515257
-77.420536286,0.434250835
-77.420529081,0.43379047
-77.420560315,0.433222813
-77.420561782,0.433205176
-77.420590628,0.433028902
-77.42064191,0.432865544
-77.420684264,0.432763213
-77.420748069,0.432609826
-77.420819233,0.432473972
-77.420996675,0.43216881
-77.421069676,0.432021584
-77.421161788,0.431777484
-77.421195174,0.431642398
-77.42120109,0.431483081
-77.421179213,0.431331998
-77.421147803,0.431251668
-77.421040029,0.431051471
-77.421005343,0.43094739
-77.420987391,0.430867885
-77.420979445,0.430779212
-77.420981273,0.430678624
-77.42101493,0.430479287
-77.421049152,0.430365088
-77.421157355,0.430066524
-77.421325569,0.429655634
-77.421596504,0.429051675
-77.421875427,0.428493536
-77.421986105,0.4282472
-77.422121114,0.427865094
-77.422194185,0.427580331
-77.422224827,0.427382391
-77.422249398,0.427132745
-77.422260658,0.42691489
-77.422262677,0.426678499
-77.422255037,0.426445813
-77.422237164,0.426202963
-77.422207314,0.42592704
-77.4221735,0.425716585
-77.422122482,0.425502758
-77.422033972,0.425208683
-77.421965746,0.425022425
-77.421749176,0.424483042
-77.421648241,0.424178444
-77.421598834,0.424000131
-77.421564243,0.423817087
-77.421524336,0.423519431
-77.421490811,0.422960596
-77.421471654,0.422766307
-77.42141701,0.422453957
-77.421364715,0.422252754
-77.421316464,0.42212367
-77.421253647,0.421987154
-77.421071862,0.421666207
-77.420889194,0.421400187
-77.420675413,0.421140716
-77.420443185,0.420898361
-77.420233551,0.420716536
-77.419993688,0.420554137
-77.419741557,0.420421862
-77.419577649,0.420357912
-77.419229622,0.420242754
-77.418342719,0.42000076
-77.417645489,0.419773784
-77.417368997,0.419672843
-77.417121979,0.419573042
-77.416772531,0.419419733
-77.416571805,0.41931564
-77.416387704,0.419196611
-77.416188861,0.419046897
-77.416017188,0.418900359
-77.415839103,0.41872972
-77.415668233,0.418548348
-77.415504041,0.41835426
-77.415338057,0.41813659
-77.41520442,0.417938658
-77.415117606,0.41779073
-77.415031672,0.417624552
-77.414861182,0.417235695
-77.414762249,0.416924365
-77.414581141,0.416222025
-77.4144674,0.415871297
-77.414221115,0.415195847
-77.414046447,0.414767976
-77.413942908,0.414541654
-77.413785104,0.414256569
-77.413614829,0.413997308
-77.413454613,0.413806165
-77.413078017,0.413422659
-77.412923195,0.413247437
-77.412731974,0.412986849
-77.412664367,0.41286794
-77.412606598,0.412744884
-77.412568865,0.412640231
-77.412535458,0.412516916
-77.41245051,0.412087091
-77.412422945,0.411832593
-77.412380888,0.411195455
-77.412326774,0.410832106
-77.412206233,0.410265812
-77.412136793,0.410003821
-77.412060824,0.409754275
-77.411958892,0.409461374
-77.411875789,0.40924879
-77.411792139,0.40906762
-77.411684608,0.408865715
-77.411523641,0.408591859
-77.411374885,0.408363811
-77.41119723,0.408123242
-77.411041778,0.407938621
-77.410807065,0.407706107
-77.410694519,0.407611221
-77.41058357,0.407529197
-77.41034537,0.40738876
-77.410038287,0.407249715
-77.409719195,0.407142982
-77.409249235,0.407027298
-77.408850226,0.40695135
-77.408458022,0.406900978
-77.408059891,0.406874913
-77.407669139,0.406873631
-77.406843905,0.407362565
-77.406309265,0.406887342
-77.405596433,0.406174507
-77.404645988,0.404689426
-77.404051958,0.403798379
-77.402329266,0.402907335
-77.401378817,0.402610317
-77.399834333,0.401956884
-77.398230456,0.401303451
-77.396923591,0.399343161
-77.396685977,0.398808528
-77.396388968,0.397917481
-77.395616719,0.397264055
-77.394606868,0.397204643
-77.393680283,0.397088823
-77.393103977,0.396907628
-77.392212929,0.396075985
-77.391636722,0.394887924
-77.391696123,0.394056288
-77.392705975,0.393284043
-77.393181196,0.392155383
-77.393121794,0.391620765
-77.39175553,0.391264337
-77.390864479,0.390610909
-77.390626869,0.389541659
-77.390270449,0.388888227
-77.389676426,0.388353589
-77.389034872,0.38817538
-77.388250754,0.387937768
-77.388177926,0.387937767
-77.387992984,0.387779511
-77.387702231,0.387561759
-77.387419195,0.387386116
-77.387106514,0.387230899
-77.386742871,0.387085118
-77.386285001,0.386932676
-77.385583275,0.386725511
-77.385219227,0.386642439
-77.384256589,0.386453766
-77.383983324,0.38638615
-77.383712067,0.386304806
-77.383245498,0.386146069
-77.382751478,0.385957321
-77.382264822,0.385754312
-77.381526752,0.385428369
-77.381176177,0.385261483
-77.380409541,0.385502244
-77.379102685,0.386096273
-77.378831856,0.387514661
-77.378508661,0.388888219
-77.378508652,0.390016876
-77.379102682,0.390907926
-77.38023134,0.391264335
-77.380884775,0.391680161
-77.38195403,0.392927624
-77.382369852,0.393818669
-77.383082686,0.394828516
-77.38330104,0.395167104
-77.383439107,0.395541361
-77.383414525,0.395791227
-77.383320291,0.396016583
-77.383036262,0.39608753
-77.382726266,0.396075982
-77.382251048,0.395838381
-77.382002368,0.395879491
-77.381817994,0.395982544
-77.381624113,0.396396432
-77.381538201,0.396788828
-77.381434993,0.396989032
-77.381241183,0.397204644
-77.380468955,0.397204643
-77.379399692,0.397085841
-77.378568055,0.397026433
-77.377439397,0.396907625
-77.376785969,0.397026438
-77.376250537,0.397510937
-77.375934867,0.397518905
-77.375600491,0.397549292
-77.374788279,0.397727361
-77.374231634,0.399224347
-77.373697008,0.400234193
-77.372865363,0.401065837
-77.371617909,0.401065841
-77.369735441,0.399874194
-77.369212288,0.39966255
-77.368647754,0.398511517
-77.36734616,0.3982362
-77.366460669,0.397604957
-77.36503306,0.397017269
-77.363708255,0.396694218
-77.362529238,0.396491806
-77.361757002,0.395600766
-77.361659347,0.394757815
-77.361697588,0.393699867
-77.360416947,0.393788033
-77.359485041,0.39367339
-77.359056495,0.393731699
-77.358846248,0.395125537
-77.35813341,0.39571957
-77.357463547,0.395997485
-77.357098307,0.395773399
-77.356788656,0.395547996
-77.356559635,0.395348542
-77.356380222,0.395159457
-77.356182785,0.394905773
-77.35578907,0.394329224
-77.355609148,0.394087986
-77.355504545,0.39396486
-77.355401063,0.393857027
-77.355298832,0.393764164
-77.355185835,0.393675526
-77.354987648,0.393544315
-77.354756535,0.39341762
-77.354486048,0.393290961
-77.353892074,0.393040209
-77.353636781,0.392924664
-77.353424638,0.392815911
-77.353016226,0.392582683
-77.352407324,0.392215007
-77.351737472,0.391791292
-77.351457732,0.39158952
-77.350828694,0.391103817
-77.350528172,0.390894421
-77.350370349,0.39079812
-77.35021842,0.390716335
-77.350070489,0.390647956
-77.349922174,0.390591018
-77.349747245,0.390536197
-77.349558075,0.39048875
-77.349351796,0.390447908
-77.349120996,0.390412211
-77.347917129,0.390278336
-77.347402533,0.390246399
-77.3469379,0.390243452
-77.346419129,0.390261755
-77.345910703,0.390294534
-77.34462404,0.390394871
-77.343928134,0.390428595
-77.343564095,0.390432106
-77.343224734,0.390423376
-77.342903833,0.390402233
-77.342598159,0.390368459
-77.342211482,0.390303582
-77.341829187,0.390212371
-77.341457105,0.390103437
-77.340554011,0.389815819
-77.340080691,0.389688081
-77.339640019,0.389602389
-77.33876097,0.389477536
-77.338396018,0.389415006
-77.337993839,0.389320573
-77.337503381,0.389179346
-77.33716844,0.389069974
-77.336827489,0.388948513
-77.336460891,0.388807116
-77.336162579,0.388682288
-77.335811207,0.388504183
-77.335036286,0.388064254
-77.33468381,0.38789355
-77.3345256,0.38783109
-77.334372993,0.38778105
-77.334214184,0.387739749
-77.334048564,0.387707072
-77.333857985,0.387680975
-77.333656654,0.387664877
-77.333442555,0.387658613
-77.333211727,0.387662072
-77.332767081,0.387690061
-77.331603171,0.387799893
-77.331265288,0.387815386
-77.330963994,0.387813387
-77.330710656,0.387796308
-77.330431403,0.387760236
-77.330128357,0.387707909
-77.329266807,0.38754079
-77.328997662,0.387500101
-77.328755097,0.387474655
-77.328502565,0.387460954
-77.328221113,0.387457784
-77.327221103,0.387487071
-77.326822153,0.387487176
-77.32629104,0.387455432
-77.32568096,0.387396103
-77.325494403,0.387371407
-77.32471827,0.387008593
-77.32417905,0.385750413
-77.322022173,0.384671977
-77.320224772,0.383863145
-77.319146329,0.383144186
-77.319056465,0.382065753
-77.318966595,0.380537957
-77.31860712,0.379639254
-77.317169194,0.379279779
-77.31600089,0.38017848
-77.314652844,0.380987311
-77.313035176,0.381077181
-77.311956733,0.379998735
-77.311058031,0.377482386
-77.310788427,0.374966028
-77.310159342,0.373707847
-77.308631551,0.372180056
-77.305755708,0.371101614
-77.304407662,0.370292787
-77.303958316,0.368675117
-77.302520388,0.36804604
-77.300004033,0.368315644
-77.298296502,0.367956162
-77.297757283,0.366158773
-77.297038327,0.365439807
-77.295240929,0.365260071
-77.29353339,0.365709411
-77.292005609,0.365889164
-77.290028468,0.365080323
-77.288500677,0.363642405
-77.286883026,0.363103184
-77.285894448,0.363462664
-77.285355229,0.364361365
-77.284007181,0.364271506
-77.281850305,0.363912018
-77.280681996,0.363013322
-77.278525114,0.363642407
-77.276907454,0.364451236
-77.275199928,0.364630981
-77.273222786,0.36382214
-77.271065912,0.363642412
-77.26971786,0.364810722
-77.268369816,0.367327076
-77.267291373,0.368675124
-77.264415526,0.3699333
-77.26207891,0.370292779
-77.259382812,0.369483955
-77.258124635,0.368225778
-77.257405675,0.366787857
-77.255877885,0.365170203
-77.25384604,0.364609684
-77.253271662,0.364451232
-77.251474249,0.364451238
-77.249586997,0.364810726
-77.246621279,0.364900591
-77.242846747,0.365170204
-77.238982339,0.366158775
-77.236555838,0.365889156
-77.233500268,0.36283358
-77.231253519,0.362114615
-77.229366243,0.362024747
-77.226490408,0.363193062
-77.224513269,0.364630978
-77.223165221,0.365170206
-77.221637433,0.364630978
-77.220469131,0.363642406
-77.21831224,0.363013316
-77.215706016,0.363103183
-77.212740308,0.363732274
-77.210493561,0.364990456
-77.208156938,0.366608117
-77.205011495,0.367866295
-77.202045787,0.3678663
-77.200877471,0.368854871
-77.200428121,0.370921871
-77.200068637,0.3732585
-77.198720595,0.374516682
-77.19647384,0.374696415
-77.194946059,0.375954597
-77.193957485,0.377392508
-77.192609429,0.379100041
-77.190632294,0.379998735
-77.187307112,0.380537961
-77.185779316,0.3816164
-77.18497049,0.383144193
-77.184880621,0.384851716
-77.185509715,0.386918728
-77.184970488,0.387997162
-77.183083218,0.388446522
-77.181735168,0.388895864
-77.179668156,0.389704696
-77.177691025,0.390064183
-77.175444267,0.389435094
-77.17283804,0.387637685
-77.171040646,0.387098464
-77.169512859,0.387817429
-77.168254674,0.388985735
-77.166726884,0.38943509
-77.165199106,0.389075612
-77.162682746,0.386559249
-77.161424559,0.384132759
-77.159717032,0.382425226
-77.156481713,0.380987316
-77.153965357,0.37990887
-77.151538875,0.377751996
-77.149202246,0.376224206
-77.147854196,0.375954592
-77.14623654,0.376403942
-77.144529015,0.37649382
-77.142372129,0.37622421
-77.140934209,0.375505252
-77.138957074,0.374696418
-77.136979934,0.374516683
-77.13545215,0.374696418
-77.134193965,0.375684982
-77.13293578,0.377392509
-77.13194722,0.379279783
-77.130778906,0.379729134
-77.127903068,0.379729134
-77.124937357,0.379639259
-77.122870348,0.378381079
-77.122151396,0.375055895
-77.11900594,0.373887585
-77.116309846,0.373438231
-77.114874708,0.37362743
-77.114816798,0.373635063
-77.113793488,0.372359796
-77.112085959,0.370023182
-77.111636604,0.368495391
-77.111456872,0.365889157
-77.110737898,0.363282934
-77.109299991,0.361215919
-77.107502585,0.359238776
-77.107232982,0.356632548
-77.107143105,0.353846587
-77.108131675,0.351060615
-77.108311418,0.348903738
-77.107772195,0.346297508
-77.106603887,0.344050753
-77.10525584,0.341983746
-77.101481305,0.339377521
-77.098605462,0.335153635
-77.096808057,0.331019616
-77.096987808,0.328143776
-77.097077666,0.325986897
-77.09474105,0.324818585
-77.092494301,0.323830016
-77.090157688,0.322661704
-77.087551459,0.321583274
-77.085484442,0.320325091
-77.082518733,0.318437823
-77.081530169,0.317089773
-77.081260557,0.315112638
-77.080361866,0.312416537
-77.080541605,0.310708998
-77.082518735,0.309091338
-77.084495874,0.307653432
-77.085843936,0.305676286
-77.086562895,0.303699149
-77.086113533,0.300913179
-77.084765491,0.298846176
-77.082878216,0.296599427
-77.081620031,0.293364106
-77.080541597,0.291207223
-77.08027199,0.288690864
-77.079193555,0.28680359
-77.077216417,0.285815026
-77.073981101,0.284916336
-77.069128121,0.285635285
-77.065083966,0.285725153
-77.060770206,0.285365674
-77.055557755,0.284197363
-77.053400877,0.284556848
-77.051962961,0.286174511
-77.050131897,0.287918373
-77.050075687,0.287971909
-77.047379592,0.289859179
-77.044593624,0.289499702
-77.04001025,0.28554542
-77.036685062,0.283298677
-77.03497753,0.282130355
-77.032910522,0.279524128
-77.029944815,0.277816601
-77.027608203,0.277816608
-77.026080406,0.27853556
-77.024372886,0.280692444
-77.022216002,0.283568271
-77.017992115,0.288331386
-77.01475679,0.291476839
-77.011791088,0.29354384
-77.009005118,0.294442546
-77.00648875,0.294622291
-77.003253433,0.292195793
-76.999389024,0.287522563
-76.997501766,0.281231661
-76.992828528,0.276648295
-76.989952685,0.272783886
-76.986357884,0.269458701
-76.983482043,0.267841039
-76.980156857,0.268020776
-76.976741797,0.268919476
-76.974495052,0.269638436
-76.971709088,0.270896615
-76.967934549,0.272334536
-76.965418187,0.272424401
-76.962182863,0.271256092
-76.959576635,0.269458693
-76.957150153,0.268829605
-76.954633798,0.26882961
-76.950140294,0.268919474
-76.946545493,0.268829603
-76.943669661,0.269458692
-76.941692524,0.271885185
-76.939625516,0.274671149
-76.937288892,0.276198945
-76.935401625,0.276558426
-76.933604227,0.27655842
-76.931447343,0.275390114
-76.929649947,0.273952192
-76.928751248,0.271705448
-76.929200591,0.269997923
-76.93054865,0.267930903
-76.93342449,0.266672723
-76.93522188,0.264695591
-76.935491493,0.262898188
-76.934952276,0.261370404
-76.931357475,0.25966288
-76.926774109,0.258045217
-76.923448927,0.256517421
-76.920213607,0.254809901
-76.917427626,0.253911193
-76.913203747,0.252293535
-76.909788677,0.250406268
-76.905115445,0.247530422
-76.899902988,0.245463419
-76.895050011,0.244564716
-76.889657814,0.245283678
-76.8846251,0.246002629
-76.879951863,0.247620292
-76.87536849,0.249327833
-76.870964868,0.249867038
-76.868268762,0.249687311
-76.862067744,0.247889907
-76.857124895,0.244384973
-76.849935297,0.241599008
-76.844632968,0.240969917
-76.841128041,0.242587581
-76.837982593,0.244564715
-76.834927015,0.24645199
-76.832141054,0.246721595
-76.828815851,0.24618238
-76.828007029,0.247710166
-76.827917156,0.250945491
-76.826299494,0.25292263
-76.823513527,0.25373145
-76.819469374,0.25373145
-76.815155621,0.253102357
-76.811650688,0.253641583
-76.810392516,0.256787032
-76.809943166,0.259303396
-76.807247066,0.260831176
-76.803382661,0.262538709
-76.796732279,0.264875326
-76.791340081,0.265055068
-76.785498538,0.263527279
-76.781005044,0.259213522
-76.77750011,0.255438983
-76.773366093,0.251754315
-76.76914221,0.249956917
-76.765187933,0.249507561
-76.758267942,0.250046785
-76.755032618,0.251035352
-76.75296561,0.253371973
-76.752246658,0.255618727
-76.753145346,0.257326252
-76.754852889,0.258584428
-76.758717291,0.25840469
-76.763570267,0.258135079
-76.765547408,0.258854041
-76.766086618,0.261460271
-76.764738576,0.264515848
-76.762312091,0.267661293
-76.756650278,0.272244672
-76.751258088,0.275120496
-76.747213934,0.276468555
-76.742990053,0.277816603
-76.740923046,0.279524131
-76.738047204,0.284017626
-76.735620714,0.287163083
-76.734003052,0.288690867
-76.732115775,0.288960478
-76.728520987,0.286084637
-76.724207223,0.281501269
-76.719893468,0.274940767
-76.714141793,0.270267521
-76.711086207,0.270177658
-76.709198945,0.271705448
-76.706412978,0.274940765
-76.703896611,0.276917907
-76.700661294,0.278176079
-76.696886761,0.278086212
-76.691584437,0.276288814
-76.685473271,0.274042067
-76.680440564,0.271615583
-76.675947066,0.270806749
-76.668308113,0.272154796
-76.662826046,0.272244668
-76.658062945,0.271705442
-76.655276968,0.269818178
-76.654468136,0.266492985
-76.654468134,0.262089355
-76.655816197,0.257775606
-76.656445284,0.253551719
-76.655456712,0.251574573
-76.652401131,0.251394835
-76.648896203,0.253192237
-76.645301401,0.255708587
-76.641304226,0.25858656
-76.640807904,0.258943906
-76.636494152,0.261460274
-76.632000656,0.26343741
-76.62894508,0.263527283
-76.623373137,0.26038183
-76.619328989,0.254630152
-76.616093676,0.250855614
-76.610881215,0.245912768
-76.602343559,0.242497717
-76.590930087,0.239801604
-76.583470876,0.238453563
-76.579786213,0.2386333
-76.570978954,0.23926239
-76.563070394,0.241778746
-76.555521324,0.245283678
-76.546803936,0.251754309
-76.542220568,0.256247809
-76.539883947,0.258674309
-76.537008115,0.259573001
-76.533053827,0.258943908
-76.529638781,0.256876897
-76.524156713,0.252653015
-76.521685277,0.250001852
-76.51938461,0.247197907
-76.513704825,0.2419495
-76.51039762,0.240152107
-76.505724371,0.239217454
-76.502848542,0.239433145
-76.500404072,0.240367789
-76.49486809,0.242093293
-76.491560869,0.242596568
-76.487966073,0.242740353
-76.484515071,0.242812262
-76.481567341,0.242093297
-76.478116327,0.241446239
-76.470639148,0.241014852
-76.45971096,0.240583472
-76.449501732,0.2401521
-76.446050731,0.241086749
-76.443750065,0.243099837
-76.443308622,0.244976329
-76.443722734,0.2476451
-76.443952804,0.249899756
-76.445333211,0.252476512
-76.445425226,0.2545011
-76.444550981,0.255697452
-76.441238009,0.25675575
-76.438477213,0.25712387
-76.435302278,0.258136158
-76.432771548,0.258274206
-76.430102763,0.257169873
-76.426513718,0.254777176
-76.425639459,0.253488804
-76.425087301,0.252154409
-76.424995279,0.250681984
-76.425777505,0.249163548
-76.426697771,0.24801321
-76.427295943,0.246310711
-76.427387972,0.243918015
-76.426789798,0.241479305
-76.426789796,0.239132616
-76.426927842,0.236095737
-76.426375681,0.23356499
-76.425041293,0.232276621
-76.423016707,0.231908517
-76.419795761,0.232690739
-76.417265023,0.234025124
-76.415102394,0.235957688
-76.413215838,0.237752222
-76.412157535,0.239684778
-76.412019494,0.241571325
-76.412265164,0.243126843
-76.412299592,0.253172734
-76.41215097,0.368615623
-76.411932219,0.379213565
-76.412352943,0.381283131
-76.37590888,0.390909526
-76.36355838,0.404039536
-76.35780809,0.420569606
-76.35717799,0.437029706
-76.34884761,0.453969768
-76.35105761,0.466409853
-76.35603769,0.484890004
-76.35784766,0.500340111
-76.35526615,0.509040151
-76.33704664,0.555730339
-76.32306605,0.576380388
-76.32355598,0.591810489
-76.31713565,0.61197058
-76.31585552,0.627550673
-76.3093752,0.645000752
-76.29336462,0.651330704
-76.27603397,0.66092066
-76.25778327,0.67427064
-76.24346265,0.697180707
-76.23655224,0.726100854
-76.21521138,0.749720886
-76.18663022,0.782020926
-76.16161929,0.794070856
-76.14604873,0.798990803
-76.13121816,0.809440778
-76.10048699,0.829480728
-76.073266,0.839570632
-76.04237487,0.852970541
-76.01322379,0.866700455
-76.00165337,0.871640416
-75.97119233,0.871240235
-75.94804148,0.882130169
-75.92425056,0.90000014
-75.91467021,0.905750121
-75.89342943,0.914320049
-75.88308904,0.921700032
-75.86658839,0.934830015
-75.86266819,0.946840068
-75.85026762,0.970820155
-75.85176756,0.991180291
-75.84875625,0.993865766
-75.84845882,0.993865766
-75.83297939,1.007670287
-75.80883849,1.021120223
-75.7878377,1.033560174
-75.76792697,1.04198011
-75.75975669,1.044050071
-75.75181641,1.045340034
-75.74471617,1.044889987
-75.74096605,1.04268995
-75.73544587,1.041619912
-75.73162574,1.042089893
-75.72750559,1.043619877
-75.72483549,1.045159867
-75.7197653,1.04822986
-75.71519514,1.049319831
-75.70786489,1.04975979
-75.70121466,1.050529754
-75.69425441,1.051669725
-75.69006426,1.053269705
-75.68460408,1.051739668
-75.68015394,1.050509631
-75.67342372,1.048999572
-75.66652348,1.049859539
-75.66021327,1.050229501
-75.65414306,1.05050947
-75.64334268,1.053109419
-75.63412236,1.054739376
-75.623962,1.057559331
-75.61421164,1.061389289
-75.60392126,1.065429256
-75.59508095,1.068139213
-75.58688065,1.072849196
-75.58132042,1.0791892
-75.57656022,1.085069213
-75.57145002,1.089809209
-75.56692983,1.095349218
-75.5635597,1.098599215
-75.55126926,1.101969164
-75.54437899,1.107999159
-75.53652869,1.113379143
-75.53171851,1.116199125
-75.52075813,1.117829073
-75.51312785,1.122469051
-75.50476752,1.128299037
-75.50102737,1.132669044
-75.49721722,1.13658904
-75.49145702,1.136649012
-75.48602684,1.136668973
-75.48268672,1.13817896
-75.47511646,1.138698923
-75.46788622,1.13822887
-75.46241604,1.138238832
-75.45509578,1.139078793
-75.44971559,1.140108765
-75.44589546,1.140858751
-75.44209533,1.140968723
-75.43651515,1.140938692
-75.42898093,1.14026287
-75.42375471,1.140528611
-75.41818453,1.139858567
-75.41543445,1.137638542
-75.40984427,1.136118494
-75.40624416,1.135038467
-75.40083397,1.134498427
-75.39372373,1.1371184
-75.38864354,1.139478382
-75.38368336,1.14210837
-75.37750312,1.146388358
-75.37238291,1.151538354
-75.37000281,1.154678361
-75.3673927,1.157278364
-75.36252252,1.160638351
-75.35901239,1.161948337
-75.35201215,1.165058314
-75.34333181,1.170008291
-75.33532151,1.175698274
-75.32891127,1.181078266
-75.32266103,1.184428246
-75.3161708,1.185828216
-75.30817052,1.18808818
-75.29575432,1.190377654
-75.29311997,1.1918338
-75.28548968,1.197053785
-75.27953945,1.201263775
-75.27440926,1.205393771
-75.2702691,1.208463763
-75.26115877,1.213453734
-75.25366849,1.217303707
-75.2484883,1.219523686
-75.24337811,1.221683667
-75.23126768,1.22498361
-75.2178572,1.229173551
-75.21004693,1.232243525
-75.20495674,1.234513505
-75.19940654,1.235453475
-75.19379636,1.23565344
-75.18806617,1.234993403
-75.18516607,1.234633376
-75.18249598,1.235403367
-75.17762579,1.238133356
-75.17323563,1.241393342
-75.16886546,1.244933342
-75.16334525,1.249393334
-75.15829504,1.254243329
-75.15438489,1.258643331
-75.15130475,1.263333337
-75.14875464,1.267133345
-75.14744456,1.273843383
-75.14679448,1.283003432
-75.14519438,1.288953459
-75.14422431,1.295363496
-75.13911412,1.29970349
-75.13615401,1.300783481
-75.13382389,1.308323508
-75.12882367,1.313963509
-75.12247345,1.316903488
-75.11190304,1.323793468
-75.10300239,1.330163151
-75.09608555,1.336627069
-75.08890867,1.340487552
-75.08288194,1.345453412
-75.07596165,1.35423342
-75.07176147,1.358673424
-75.06616126,1.363443415
-75.06254111,1.366693412
-75.05665088,1.372563409
-75.05192069,1.378083412
-75.0474405,1.384863429
-75.04462036,1.391133445
-75.0410302,1.397593464
-75.03695002,1.402643469
-75.03349987,1.40786348
-75.02680961,1.414913476
-75.01921931,1.42100347
-75.01886929,1.42279348
-75.01080897,1.430143469
-75.00198864,1.435293447
-74.99619845,1.435073405
-74.99395838,1.435143393
-74.9916583,1.435643377
-74.99004824,1.436553371
-74.98822817,1.436843365
-74.98669811,1.437543359
-74.98564807,1.438743355
-74.98446803,1.43923335
-74.98229796,1.439583343
-74.97901784,1.440643328
-74.97663775,1.441843316
-74.97412766,1.442823306
-74.97202758,1.444093299
-74.97000751,1.4455733
-74.96853745,1.446623296
-74.96755741,1.447403294
-74.96539733,1.447753278
-74.96413729,1.447613276
-74.96043716,1.449583263
-74.95861709,1.449733246
-74.95631701,1.450783242
-74.95303689,1.452403227
-74.9504468,1.453813223
-74.94849673,1.454733215
-74.94688666,1.455923213
-74.94555661,1.456703202
-74.94318652,1.458883207
-74.94245649,1.459693209
-74.94049642,1.460813201
-74.93924637,1.461313194
-74.93798632,1.462083185
-74.93721629,1.462863193
-74.93644627,1.463633193
-74.93188375,1.466726421
-74.91703555,1.473213123
-74.91445546,1.473773106
-74.91346543,1.473773097
-74.91214538,1.474333098
-74.91081533,1.474903088
-74.90816524,1.476523083
-74.90704518,1.478213083
-74.90502511,1.478703078
-74.90383507,1.478843072
-74.90174499,1.47983306
-74.89992494,1.480253049
-74.89824487,1.481033047
-74.89650481,1.481943041
-74.89538477,1.482433036
-74.89363471,1.482723021
-74.89021459,1.484053013
-74.88749448,1.485813001
-74.88330432,1.488962998
-74.87722405,1.499673018
-74.876184,1.500803018
-74.87382391,1.503073015
-74.87053378,1.505343013
-74.86784368,1.507263009
-74.8657636,1.509273008
-74.86385353,1.511193004
-74.86213344,1.514513016
-74.85978335,1.517483017
-74.8568932,1.524573042
-74.85437308,1.530003061
-74.85017288,1.538783087
-74.85009286,1.541053103
-74.84835278,1.544393111
-74.84775275,1.546863119
-74.84562267,1.548533114
-74.8441926,1.551053122
-74.8444326,1.553443143
-74.84597263,1.555833165
-74.84589261,1.558533186
-74.84651261,1.561903207
-74.8465126,1.563053212
-74.84792264,1.564813237
-74.84606256,1.566173232
-74.84124242,1.563763187
-74.8376323,1.562883152
-74.82905201,1.56461311
-74.82214177,1.566013071
-74.81677159,1.565853036
-74.8139215,1.565963017
-74.80919133,1.567322986
-74.80728125,1.569872988
-74.80346109,1.573822988
-74.80070096,1.578532999
-74.79688081,1.583983015
-74.79583074,1.588263029
-74.79753077,1.592963069
-74.79838077,1.596483099
-74.79943076,1.602343142
-74.79969075,1.606933174
-74.80019071,1.614943227
-74.80137072,1.618823266
-74.80244073,1.622553296
-74.80276072,1.625443311
-74.80202067,1.629823334
-74.80106062,1.63153334
-74.79873054,1.633783342
-74.79629043,1.636243342
-74.79358032,1.638733337
-74.79165025,1.641483341
-74.78929017,1.640683319
-74.7851066,1.635691368
-74.78320303,1.629742715
-74.78010973,1.624745847
-74.77915795,1.620700763
-74.77749232,1.616893626
-74.77558876,1.613324434
-74.7732093,1.611420865
-74.76911969,1.611732998
-74.76661961,1.611022979
-74.76076944,1.608042917
-74.75712933,1.606542883
-74.75101914,1.604052825
-74.74795906,1.601062791
-74.74431893,1.600822762
-74.74208886,1.602072758
-74.73894876,1.600242719
-74.73398859,1.601412694
-74.73184851,1.602992687
-74.72738838,1.601082644
-74.72498831,1.597922614
-74.72266825,1.595182581
-74.71911814,1.594522553
-74.71605804,1.594312527
-74.71494798,1.597902545
-74.71466794,1.601342563
-74.71443792,1.604362582
-74.71205782,1.60816259
-74.71125776,1.611972606
-74.71086772,1.615572631
-74.71146771,1.619582657
-74.71106769,1.621982668
-74.70868758,1.625922679
-74.70838755,1.628242695
-74.70841753,1.632962722
-74.70748747,1.637262741
-74.7031773,1.640542733
-74.70051718,1.64491274
-74.69825708,1.649162751
-74.696667,1.652492761
-74.69504694,1.653792758
-74.69188683,1.654272745
-74.68978679,1.650952707
-74.69445697,1.645862709
-74.69645707,1.641132693
-74.6962571,1.63639266
-74.69409705,1.63236262
-74.69133698,1.628832582
-74.68862693,1.62369253
-74.68722691,1.619162488
-74.68389684,1.614002439
-74.68256681,1.611132412
-74.68079679,1.605552356
-74.67896676,1.601152318
-74.67658672,1.594862269
-74.67517672,1.587612209
-74.67477674,1.583372179
-74.67187666,1.580382145
-74.6724667,1.577012124
-74.67423679,1.573912119
-74.67479682,1.57119211
-74.67536686,1.568162093
-74.67713697,1.560902062
-74.67588696,1.555542021
-74.67536698,1.549751975
-74.67581702,1.546741963
-74.67642707,1.542991946
-74.67359701,1.537701893
-74.67412706,1.532731865
-74.67678717,1.527841849
-74.6763572,1.522301813
-74.67627721,1.519951803
-74.67048704,1.516901744
-74.66427682,1.518441708
-74.65592653,1.519661665
-74.64995633,1.521231632
-74.64163603,1.525531598
-74.63616582,1.528501581
-74.63116563,1.531531572
-74.62529543,1.533961541
-74.62270535,1.532121513
-74.61679515,1.533501487
-74.61345503,1.534291466
-74.60728482,1.535481428
-74.60047459,1.534841378
-74.59350436,1.535481338
-74.58769417,1.534701295
-74.58270402,1.531911245
-74.57997394,1.53097122
-74.57456376,1.53007118
-74.57075363,1.530381153
-74.56563346,1.531531122
-74.56281335,1.533101117
-74.55751315,1.537121105
-74.55385301,1.540131099
-74.55126291,1.542421093
-74.54338262,1.546801063
-74.54116253,1.548431065
-74.5348123,1.552251043
-74.52773201,1.559571037
-74.52311182,1.565051039
-74.51577153,1.572601037
-74.50999129,1.579581037
-74.50382104,1.586001036
-74.49774082,1.589461014
-74.49130057,1.594191003
-74.48625037,1.598740997
-74.48236022,1.602650986
-74.47856007,1.605520977
-74.47071978,1.609390947
-74.46666964,1.61082093
-74.46304951,1.612590916
-74.46071942,1.614950916
-74.45771929,1.618660914
-74.45534916,1.62615095
-74.45294904,1.632670967
-74.45193898,1.637710992
-74.44949886,1.643281014
-74.44813878,1.647331023
-74.44580868,1.652081036
-74.44247852,1.658501053
-74.44024841,1.664291072
-74.44046837,1.670911117
-74.43816824,1.677681144
-74.43669814,1.685441178
-74.43584807,1.691491214
-74.43609803,1.699271262
-74.43452795,1.70430128
-74.43242784,1.709561302
-74.43193777,1.71709134
-74.43161776,1.718381348
-74.42989767,1.721831355
-74.4285076,1.725121372
-74.42746753,1.730661399
-74.42664747,1.735781419
-74.42387734,1.741211438
-74.42285728,1.744861455
-74.42344725,1.751001494
-74.42192715,1.758351527
-74.42084821,1.76582214
-74.41880007,1.77533969
-74.41657407,1.78272047
-74.41523394,1.786628994
-74.41416668,1.789741672
-74.40960647,1.798051691
-74.40655631,1.806331723
-74.40266613,1.813481738
-74.40016227,1.818688131
-74.39709588,1.823731758
-74.39441574,1.829871779
-74.3911156,1.835381793
-74.38917546,1.846451849
-74.38796536,1.854691889
-74.38631527,1.860651914
-74.38284509,1.868591943
-74.38256503,1.876491988
-74.38104496,1.879311998
-74.37618477,1.884151995
-74.37151459,1.888131989
-74.36633437,1.893281977
-74.36437427,1.898172001
-74.36208415,1.904462023
-74.36050407,1.90903204
-74.35529387,1.913252029
-74.34859362,1.917922011
-74.34090332,1.923331989
-74.33723789,1.926226924
-74.33343304,1.929231971
-74.32819283,1.93319196
-74.31905252,1.935371911
-74.31332857,1.934950242
-74.30221677,1.927188869
-74.29315176,1.920191631
-74.28419148,1.918791553
-74.27874128,1.92036153
-74.27495115,1.922661513
-74.27010095,1.927421506
-74.26537075,1.933131512
-74.26070055,1.93955152
-74.2546803,1.946391517
-74.24860005,1.95417153
-74.24556992,1.958331529
-74.23854962,1.96878155
-74.23295938,1.975361547
-74.22884921,1.980841549
-74.22141891,1.989491553
-74.21779877,1.992211544
-74.21375861,1.995641536
-74.20718836,1.999161513
-74.19746801,2.003931468
-73.90,2.10
-74.0,2.30
-74.00838413,2.612020944
-74.00877404,2.624691035
-74.00684392,2.633451073
-74.00703386,2.641831133
-74.00684378,2.650211184
-74.0015135,2.663621234
-74.00536349,2.681211379
-74.00397334,2.69501146
-74.00426326,2.705801538
-74.00529322,2.715401609
-74.00780324,2.724271682
-74.01192326,2.738491815
-74.0126532,2.748591889
-74.01098306,2.760431953
-74.01002297,2.767181993
-74.01075291,2.778552078
-74.01268164,2.787842158
-74.01226282,2.794442197
-74.01507287,2.800182252
-74.01587285,2.806822311
-74.022,2.814
-74.058,2.844
-74.200,2.958
-74.474471464,3.013423804
-74.478401477,3.027293935
-74.481468012,3.036658521
-74.49074791,3.053314748
-74.500741646,3.068543299
-74.506452352,3.076157574
-74.516921981,3.085199526
-74.52601251,3.092994793
-74.530545994,3.094881083
-74.533455097,3.096091501
-74.533359987,3.096408118
-74.532050205,3.100768318
-74.551597805,3.177274456
-74.604543959,3.299395419
-74.634990375,3.441975149
-74.628338569,3.551618286
-74.645361487,3.642002294
-74.628338569,3.789564387
-74.590267193,3.894260671
-74.495088753,4.141724616
-74.445120072,4.320184191
-74.402289774,4.502212958
-74.37016705,4.616427086
-74.288075645,4.79131747
-74.221450737,4.962638663
-74.206666536,4.997653875
