"zona4"
-72.779150363,9.458570747
-72.736320065,9.606097329
-72.660177313,9.758382833
-72.58403456,9.910668338
-72.493615042,10.05819492
-72.384159836,10.281864255
-72.308017084,10.462703291
-72.27470463,10.562640653
-72.212838644,10.714926158
-72.122419125,10.852934896
-71.960615777,11.038532854
-71.73218752,11.266961111
-71.451411122,11.376416317
-71.222982865,11.471594757
-70.994554609,11.566773198
-70.741142011,11.780924688
-70.634066266,11.983178874
-70.544836478,12.215176322
-70.509144563,12.482865685
-70.592425699,13.107474199
-70.848217757,13.494136612
-71.13970173,13.613109663
-71.40880248,13.667620789
-71.96796086,13.655312861
-72.246454756,13.644090837
-72.437136201,13.634116198
-72.606861076,13.622411038
-72.756767093,13.612893201
-72.922139621,13.574821852
-73.001851576,13.553406666
-73.111306808,13.480833131
-73.240555191,13.360448166
-73.339735072,13.271440579
-73.489641107,13.083463176
-73.586009245,12.959731179
-73.745857999,12.757953529
-73.86299091,12.618691485
-73.940548942,12.525479546
-74.066660356,12.411265423
-74.218945865,12.286343736
-74.372633526,12.182787204
-74.507174292,12.112962243
-74.651966066,12.030673441
-74.847333919,11.901854132
-75.048188036,11.753344473
-75.140986955,11.662924953
-75.263529206,11.495172989
-75.434850371,11.361923154
-75.518131564,11.315523621
-75.640673759,11.239380885
-75.741748665,11.096155547
-75.790579851,11.005004022
-75.861963659,10.855097986
-75.920825807,10.747673883
-75.945572202,10.694373957
-75.985547147,10.650591874
-76.045182135,10.598116155
-76.140197092,10.566304993
-76.292903303,10.515178706
-76.417153046,10.440883495
-76.600875763,10.316039657
-76.705572047,10.213722834
-76.788853182,10.0876114
-76.815027253,9.985294577
-76.819786175,9.863942066
-76.807600459,9.839570634
-76.786473721,9.797317158
-76.782766565,9.774703505
-76.777137063,9.740363543
-76.772927391,9.714684544
-76.768213306,9.685928624
-76.762679111,9.652170036
-76.762832624,9.619483979
-76.763020995,9.579375859
-76.763384186,9.502045082
-76.763779365,9.417903506
-76.775676676,9.337001861
-76.922013511,8.997928694
-77.119525184,8.925036102
-77.247421213,8.889344187
-77.348548305,8.826883336
-77.375317242,8.737653548
-77.374553534,8.680161936
-77.370484198,8.662275726
-77.370490361,8.662253159
-77.370501983,8.662148449
-77.370501875,8.662008852
-77.370478353,8.661834367
-77.370454829,8.661648241
-77.370407856,8.661380719
-77.370372635,8.661182985
-77.370360874,8.661089928
-77.370267229,8.660938754
-77.370196959,8.660775941
-77.370103295,8.660601518
-77.370079836,8.660485201
-77.370068064,8.660392154
-77.370103028,8.660252515
-77.370137981,8.660101257
-77.370196328,8.659961616
-77.370242947,8.659763818
-77.370268323,8.659620041
-77.370267273,8.658266767
-77.370171235,8.657506913
-77.370139043,8.657031971
-77.37004329,8.656652088
-77.369915778,8.656335542
-77.369820026,8.655955659
-77.369787917,8.655575721
-77.369851302,8.655259033
-77.369914676,8.654910684
-77.369946176,8.654499026
-77.369754928,8.654055883
-77.36930895,8.653391287
-77.369308718,8.653106318
-77.369531193,8.652757842
-77.369626362,8.65240947
-77.369626103,8.652061178
-77.369403231,8.651871355
-77.369116671,8.651618267
-77.36895743,8.651428407
-77.368893544,8.651111813
-77.368797876,8.650826912
-77.368447582,8.650447214
-77.368160929,8.650067469
-77.36812887,8.649750861
-77.368192203,8.649370842
-77.368223739,8.648990855
-77.368255209,8.648547537
-77.368318504,8.648104204
-77.368413626,8.647660839
-77.36844513,8.647249182
-77.368444855,8.64690088
-77.368253664,8.646521065
-77.368030786,8.646331249
-77.367584971,8.645856635
-77.367393771,8.645476819
-77.367361761,8.645223532
-77.367265972,8.644780315
-77.367233984,8.64455869
-77.367042787,8.644178873
-77.366596898,8.643609262
-77.366437561,8.643292734
-77.366373715,8.64300782
-77.366405416,8.64284947
-77.366596147,8.642627686
-77.366723256,8.642405936
-77.366754833,8.642089282
-77.36675463,8.641835972
-77.366563513,8.641551138
-77.366158673,8.641148884
-77.365888607,8.641137398
-77.365384541,8.641137779
-77.365180134,8.641083701
-77.36501657,8.640975363
-77.364893849,8.640826311
-77.364880139,8.640704314
-77.364893645,8.640555165
-77.364975275,8.640405963
-77.365084139,8.640243201
-77.365220277,8.640107516
-77.365410929,8.640012468
-77.365537675,8.63997633
-77.365624588,8.63993918
-77.365953509,8.639611369
-77.36597983,8.63959824
-77.366033383,8.639536422
-77.36641408,8.63928345
-77.366640603,8.639157986
-77.367059884,8.638656514
-77.368010512,8.637772195
-77.369151408,8.636887722
-77.370419814,8.636886764
-77.371434592,8.6369491
-77.372449523,8.637200776
-77.37340137,8.637894304
-77.374162802,8.638398629
-77.375622028,8.63909175
-77.376827814,8.640100641
-77.377951791,8.641276196
-77.37800228,8.641436502
-77.378529567,8.642222256
-77.379254298,8.642942354
-77.379649559,8.643269609
-77.380242318,8.643596713
-77.380834964,8.643792782
-77.381361632,8.643792365
-77.381954069,8.643726385
-77.382348656,8.643201956
-77.382480011,8.64280876
-77.382527965,8.642520981
-77.382537627,8.642494479
-77.382981075,8.641862977
-77.383742025,8.641736148
-77.384503229,8.641924879
-77.384884265,8.642555715
-77.385265616,8.643565245
-77.385773759,8.644511548
-77.38628159,8.645079166
-77.387043078,8.645583464
-77.387614263,8.64608791
-77.388502687,8.64671834
-77.389391017,8.647222524
-77.390216075,8.647916103
-77.390914504,8.648862249
-77.391739724,8.649745174
-77.392501315,8.650375684
-77.393325866,8.650438112
-77.394023509,8.650437546
-77.395101645,8.650373533
-77.395799131,8.650183613
-77.396369619,8.649804452
-77.397066834,8.64929896
-77.397954379,8.648856421
-77.398588231,8.648414107
-77.399602658,8.648034557
-77.400300144,8.647844621
-77.401060985,8.647591525
-77.40194852,8.647148989
-77.402899469,8.646706373
-77.403596837,8.646390213
-77.404040627,8.646200484
-77.40480141,8.645884273
-77.405499058,8.645883668
-77.406196918,8.646135519
-77.406471037,8.646286763
-77.40727522,8.646286081
-77.407845911,8.646159354
-77.408479792,8.64578013
-77.408923412,8.645401059
-77.409240024,8.644832751
-77.409365988,8.643822822
-77.409428739,8.643065402
-77.40942786,8.642055567
-77.40961669,8.640414447
-77.409615304,8.638836589
-77.409550892,8.637700584
-77.409359529,8.636438474
-77.409358587,8.635365538
-77.409167169,8.634040306
-77.408849197,8.633030761
-77.408404549,8.632210653
-77.407769589,8.631327603
-77.407007945,8.630634009
-77.406309788,8.630003463
-77.405548049,8.629183635
-77.405039881,8.628237339
-77.404595151,8.62729102
-77.404213759,8.626281524
-77.403959156,8.625208798
-77.403957809,8.623630939
-77.403766926,8.622905291
-77.403004468,8.621201856
-77.402559679,8.620192402
-77.401797535,8.618867648
-77.400845365,8.617795514
-77.400400964,8.617227862
-77.399892824,8.616281577
-77.399384629,8.61527217
-77.398622464,8.613884293
-77.398050866,8.61287495
-77.397288911,8.611739515
-77.396336405,8.610225567
-77.396208836,8.60934208
-77.396715317,8.608331827
-77.398364129,8.608330461
-77.399506077,8.608897534
-77.400711832,8.609906352
-77.401536765,8.610536792
-77.402742423,8.611419381
-77.403567103,8.611734247
-77.404137692,8.611544424
-77.404454176,8.61084989
-77.404453575,8.610155636
-77.403564348,8.608515418
-77.402929275,8.607443021
-77.401913837,8.606497167
-77.401596027,8.605639082
-77.401404497,8.60412449
-77.40076943,8.603052094
-77.400134321,8.601916568
-77.399308873,8.600654968
-77.398673877,8.599645674
-77.397975475,8.598636425
-77.397150418,8.597816626
-77.396452434,8.59731229
-77.395500859,8.596871278
-77.394612549,8.596240865
-77.393977464,8.595105326
-77.393532474,8.593780299
-77.393529766,8.590498354
-77.393592287,8.589425356
-77.393845041,8.588352202
-77.394161535,8.587657685
-77.394541581,8.587152464
-77.395238596,8.586520747
-77.396316017,8.585825591
-77.397076645,8.585446278
-77.399232635,8.585444483
-77.400247436,8.585696091
-77.402720477,8.585694017
-77.403608313,8.585756379
-77.40455965,8.585944922
-77.405384266,8.586259793
-77.405891838,8.586574937
-77.40703412,8.587583794
-77.408049097,8.588024715
-77.40938114,8.588465375
-77.410269017,8.588590828
-77.413566443,8.588587977
-77.414644226,8.588334571
-77.41540506,8.588207683
-77.416482672,8.587764935
-77.4169897,8.587448922
-77.4173696,8.586817443
-77.417368755,8.585870721
-77.417304555,8.584987187
-77.417240473,8.58422987
-77.417239858,8.583535613
-77.417175709,8.582715189
-77.416730844,8.581579518
-77.416222646,8.580570143
-77.415587533,8.579434634
-77.41482572,8.578425485
-77.414190781,8.577479328
-77.413555739,8.576406929
-77.413047732,8.575586881
-77.412955443,8.575366971
-77.412524208,8.574739575
-77.412089231,8.573979655
-77.411698592,8.573513886
-77.411156837,8.572378044
-77.411036299,8.571959504
-77.410855407,8.571241989
-77.410854837,8.570584119
-77.410974438,8.569926164
-77.411454336,8.569028648
-77.411874404,8.568430224
-77.412354666,8.567951353
-77.413135463,8.567591845
-77.414096828,8.567591004
-77.414817785,8.567530572
-77.416139655,8.567529406
-77.41698074,8.567409064
-77.417821666,8.567109299
-77.418542362,8.566749819
-77.41896275,8.566510226
-77.419383068,8.566210831
-77.419683334,8.566031135
-77.420163741,8.565731681
-77.420704066,8.565252756
-77.421364588,8.564773722
-77.421604813,8.564653895
-77.422025027,8.564234879
-77.422445289,8.563875662
-77.422805364,8.563396895
-77.423225465,8.562858268
-77.423765792,8.562379332
-77.423945779,8.562080153
-77.424185783,8.561721094
-77.424605563,8.560823627
-77.424965633,8.560344859
-77.425505894,8.559806113
-77.425925999,8.559267486
-77.42664667,8.558908001
-77.427187148,8.558608473
-77.428028201,8.558488106
-77.428689132,8.558487516
-77.42971104,8.559024833
-77.4300119,8.559503009
-77.430192587,8.559981286
-77.430373396,8.560579182
-77.430614273,8.561177018
-77.431095837,8.562133477
-77.431336555,8.562551904
-77.43169755,8.563089816
-77.431938504,8.563747469
-77.432179233,8.564165882
-77.432540231,8.564703813
-77.433201878,8.565480676
-77.433562623,8.565719576
-77.435004648,8.565718245
-77.435604982,8.565179436
-77.435964819,8.564461425
-77.435963364,8.562906471
-77.436022936,8.562368165
-77.436082344,8.561650431
-77.436201911,8.560992456
-77.43662171,8.560154786
-77.436981708,8.559616194
-77.437341364,8.558718776
-77.437400886,8.558120661
-77.437400381,8.557582409
-77.437567966,8.556888508
-77.437927899,8.556290106
-77.438047383,8.555572333
-77.438287111,8.554914235
-77.441771913,8.554910976
-77.442492738,8.554730875
-77.443332868,8.553653577
-77.443332181,8.5529359
-77.443091341,8.552397887
-77.442430201,8.552159281
-77.441349115,8.552578935
-77.440688605,8.552998195
-77.440027753,8.553058631
-77.439486846,8.552879706
-77.439125962,8.552461409
-77.438644782,8.551923606
-77.437983029,8.55102713
-77.437922566,8.550608546
-77.437922167,8.550189901
-77.43786151,8.549591899
-77.437860846,8.548874227
-77.437920249,8.548156505
-77.437917612,8.545345619
-77.43797669,8.544269062
-77.437975564,8.543072946
-77.438094435,8.54169729
-77.438092867,8.540022731
-77.438332343,8.53912542
-77.438511968,8.538467387
-77.438451015,8.537540444
-77.438570385,8.536703044
-77.438689705,8.535805844
-77.438688859,8.534908766
-77.438748045,8.533951807
-77.438745453,8.531200731
-77.438804693,8.530303583
-77.438803902,8.529466302
-77.438983517,8.528808261
-77.439343427,8.528209869
-77.439522823,8.527312611
-77.439702267,8.526475163
-77.440002094,8.525876822
-77.440181658,8.525158983
-77.440601247,8.524141888
-77.440600687,8.523543836
-77.440900562,8.523005295
-77.441259956,8.521868642
-77.44155978,8.521270303
-77.442039835,8.520671794
-77.442700229,8.520192722
-77.443180341,8.519654022
-77.443299717,8.518840545
-77.443599657,8.518361814
-77.443598224,8.516866669
-77.443537414,8.516089241
-77.443296027,8.51495315
-77.443115229,8.514355268
-77.443054701,8.513876875
-77.44335457,8.513338336
-77.444075151,8.512978816
-77.44491598,8.512738795
-77.446117452,8.512677869
-77.448099959,8.512675965
-77.449000941,8.512495695
-77.449901962,8.51237522
-77.450803103,8.512374363
-77.451283418,8.512074853
-77.451883839,8.511715454
-77.452544142,8.511176569
-77.453204689,8.510876896
-77.453925599,8.510876185
-77.455007194,8.511114378
-77.455848269,8.51111356
-77.456569054,8.510993246
-77.456572381,8.510979993
-77.456808992,8.510861937
-77.457005962,8.51066546
-77.457256544,8.510308346
-77.457435515,8.510040517
-77.457435058,8.509576588
-77.457363176,8.509380374
-77.457183754,8.509202108
-77.457004366,8.509041685
-77.456807033,8.508881299
-77.456555964,8.508738792
-77.45635957,8.508632592
-77.456256443,8.508543014
-77.455910137,8.508168426
-77.45571267,8.507865275
-77.455586976,8.507633428
-77.455353543,8.507205407
-77.455156038,8.506866575
-77.455093222,8.506794541
-77.455030937,8.506756466
-77.454869016,8.506617043
-77.454671708,8.506456634
-77.454366752,8.506207117
-77.454169417,8.506028873
-77.453972042,8.505814941
-77.453756742,8.505601025
-77.45336216,8.505333757
-77.453039324,8.505119942
-77.453014634,8.505097309
-77.452477846,8.504777382
-77.451275821,8.504240282
-77.450674734,8.503882033
-77.450193663,8.503404035
-77.449772569,8.502806377
-77.449171015,8.501969664
-77.447727161,8.49981803
-77.447426389,8.499399666
-77.446824787,8.498503145
-77.446704264,8.498102567
-77.446703691,8.497504498
-77.446823319,8.49696613
-77.447002797,8.496188488
-77.447122258,8.495470705
-77.447119682,8.492779426
-77.446938716,8.492002127
-77.446937861,8.491105035
-77.446877107,8.490387417
-77.446636021,8.489550358
-77.446334673,8.488533939
-77.446334106,8.48793588
-77.445792151,8.486560851
-77.445551404,8.486082632
-77.445430764,8.485568408
-77.445850938,8.485209177
-77.446210848,8.484670587
-77.446210225,8.484012719
-77.44548868,8.483295719
-77.444767477,8.482937562
-77.444046168,8.482459794
-77.443204713,8.481982129
-77.443083831,8.481204765
-77.443263476,8.480606532
-77.443683639,8.480247304
-77.444644156,8.479588542
-77.445184164,8.478930164
-77.445423492,8.477913231
-77.445420243,8.474504279
-77.445779767,8.47354705
-77.446440172,8.473187583
-77.447555412,8.472608377
-77.447700686,8.47216968
-77.447700173,8.47163143
-77.447279396,8.47133281
-77.446618791,8.471512851
-77.445898191,8.471752756
-77.443795746,8.47175473
-77.443254995,8.471635616
-77.442113338,8.471277852
-77.440791578,8.471039853
-77.439590077,8.470921354
-77.438268259,8.470623546
-77.436586192,8.470505496
-77.435925485,8.4705659
-77.434784491,8.470925787
-77.433643772,8.471584691
-77.432983329,8.471944138
-77.432623576,8.472662138
-77.432203572,8.473200774
-77.431723401,8.473619856
-77.430942924,8.474099013
-77.429982012,8.474339096
-77.429321348,8.474459302
-77.428600554,8.474519771
-77.427699612,8.474640184
-77.426858852,8.474880171
-77.425897876,8.475060446
-77.424816978,8.475480047
-77.423616048,8.476019376
-77.422715106,8.476139789
-77.420852916,8.476141431
-77.420011766,8.475962763
-77.418990455,8.475844023
-77.417908962,8.475605752
-77.416827338,8.475188046
-77.415979921,8.474710324
-77.415018377,8.474232714
-77.413996919,8.473934556
-77.413095611,8.47363631
-77.411292882,8.472920178
-77.410271166,8.472322982
-77.40912926,8.471666084
-77.407566934,8.471069334
-77.406305471,8.471070402
-77.405584684,8.471130818
-77.404924266,8.471550021
-77.404083634,8.471969365
-77.403362791,8.471969976
-77.402521512,8.471611828
-77.402100475,8.470954305
-77.401679136,8.469937941
-77.401378234,8.469280326
-77.400968991,8.468365627
-77.400968496,8.467767559
-77.400907927,8.467169554
-77.400907171,8.466272448
-77.400846603,8.465674441
-77.400545558,8.464837398
-77.400004498,8.464299592
-77.398982975,8.463881787
-77.398081503,8.463344273
-77.39730015,8.462806639
-77.397059587,8.462447996
-77.396578351,8.461611104
-77.396217158,8.460654497
-77.395916178,8.459877256
-77.395615288,8.459219639
-77.395494474,8.458382439
-77.395193439,8.457545394
-77.395072813,8.456947431
-77.394531919,8.456589026
-77.393931089,8.456410095
-77.39351041,8.456171206
-77.393029292,8.455453918
-77.392848694,8.454975604
-77.392667769,8.454078657
-77.391946131,8.453062525
-77.391644968,8.452046057
-77.391223837,8.4512091
-77.391103174,8.45055132
-77.390801912,8.449415244
-77.390501045,8.448757606
-77.39019994,8.447800946
-77.389838834,8.446904134
-77.389477804,8.446126937
-77.388996265,8.444871382
-77.388454998,8.444034522
-77.387853813,8.443377122
-77.387432975,8.442899009
-77.386891819,8.442181758
-77.386470684,8.441344798
-77.386169592,8.440388129
-77.385988366,8.43907252
-77.3857472,8.437936384
-77.385445736,8.43650126
-77.385144148,8.434904654
-77.385143485,8.434067377
-77.38502269,8.433230171
-77.38454114,8.431914807
-77.384059787,8.430838661
-77.383217947,8.42964318
-77.382135537,8.428029235
-77.381173827,8.42713289
-77.380512662,8.426535331
-77.379310745,8.425698959
-77.378229051,8.42498211
-77.377699926,8.424240918
-77.377158767,8.423463842
-77.376977977,8.422686493
-77.376496739,8.421729941
-77.375533363,8.41862073
-77.375051921,8.417365157
-77.374510579,8.416348848
-77.373668627,8.41491412
-77.373187403,8.413957577
-77.372766112,8.412821551
-77.372284949,8.411924829
-77.371383089,8.410669561
-77.370601761,8.409952457
-77.369579882,8.408816892
-77.368077426,8.407562059
-77.367116334,8.407383351
-77.366155354,8.407384052
-77.365314427,8.407265062
-77.364653683,8.407145917
-77.363692486,8.406847591
-77.362671113,8.406369883
-77.361829759,8.405652802
-77.360928289,8.404875964
-77.360387178,8.404098863
-77.359665514,8.402783631
-77.35888426,8.402126313
-77.358463113,8.401109898
-77.357801591,8.399914238
-77.357440685,8.399137008
-77.357139836,8.398359727
-77.357019081,8.39746271
-77.356838398,8.396763091
-77.356417353,8.395866288
-77.355936452,8.395268555
-77.355635564,8.394431477
-77.355515021,8.393833491
-77.355394225,8.392876666
-77.355273723,8.392338493
-77.355271263,8.388869689
-77.355330765,8.388092151
-77.355450245,8.387194967
-77.355690048,8.386596728
-77.355929928,8.386118107
-77.356049622,8.385519956
-77.356529787,8.385100966
-77.356949626,8.384323178
-77.357369589,8.383724804
-77.35748898,8.382708003
-77.35772874,8.382049959
-77.357788407,8.381511651
-77.35808826,8.380913374
-77.358508269,8.380374806
-77.358748017,8.379716764
-77.358987863,8.37917834
-77.359227611,8.378520279
-77.359407257,8.377802471
-77.359346777,8.377204446
-77.359225973,8.376247624
-77.35916509,8.375075448
-77.359044105,8.373879396
-77.358803277,8.373042269
-77.358442443,8.372324844
-77.358081553,8.371547615
-77.357840864,8.370889897
-77.357480149,8.370351894
-77.357299515,8.369694148
-77.357297557,8.366943022
-77.357477199,8.366225208
-77.357837149,8.365686702
-77.358377194,8.365088239
-77.358856988,8.364190792
-77.359397088,8.363652145
-77.359876839,8.362718816
-77.360296958,8.362359675
-77.360836882,8.3615818
-77.360783117,8.360630456
-77.360854112,8.360417868
-77.361475684,8.359443559
-77.361830059,8.357761164
-77.362540528,8.356786789
-77.363339886,8.355812356
-77.363872756,8.3551037
-77.364405685,8.354483581
-77.364671916,8.353863653
-77.36440484,8.353332655
-77.363604704,8.353244699
-77.362360226,8.353334129
-77.361471587,8.353777435
-77.360671658,8.353955068
-77.360138468,8.35422105
-77.357560471,8.354222887
-77.356493085,8.353338303
-77.356188319,8.353035208
-77.356187351,8.353031376
-77.355690994,8.352044462
-77.354533429,8.350564372
-77.35370653,8.349413145
-77.352879979,8.348755534
-77.351723005,8.348098147
-77.350070378,8.347441113
-77.348251753,8.345632375
-77.348228868,8.345473562
-77.348328529,8.345287156
-77.34844801,8.34438997
-77.348567652,8.343732016
-77.348686726,8.34223674
-77.348806287,8.341459165
-77.348805301,8.340023804
-77.348023788,8.338768388
-77.347362905,8.338290376
-77.346341612,8.337633192
-77.345260308,8.337035852
-77.344659522,8.336617613
-77.344658958,8.33578031
-77.345259009,8.335122024
-77.345859094,8.334523543
-77.346879684,8.334164015
-77.347720208,8.333924218
-77.34844039,8.333325645
-77.348980375,8.332667403
-77.349520535,8.332248379
-77.349940353,8.331494526
-77.350420128,8.330597097
-77.351080165,8.329878949
-77.351499747,8.32880213
-77.351739401,8.328024479
-77.351798864,8.327187136
-77.351798078,8.326050804
-77.352037689,8.325213339
-77.352397222,8.324136564
-77.352456686,8.323299213
-77.352876307,8.322282202
-77.35323567,8.3209662
-77.354195801,8.32006842
-77.355155961,8.319230455
-77.355815851,8.318332886
-77.355755123,8.317376016
-77.355274114,8.316479241
-77.354913291,8.315702004
-77.354252041,8.31464388
-77.353651073,8.313926602
-77.352869768,8.312910428
-77.35208804,8.311296174
-77.351907209,8.31027958
-77.35166623,8.30914341
-77.351605478,8.30812672
-77.351604892,8.307289431
-77.351303887,8.306153293
-77.350582393,8.304778224
-77.350281599,8.303941127
-77.350221085,8.303283295
-77.349800371,8.302685514
-77.349259157,8.301489735
-77.34913824,8.300293678
-77.348897488,8.299456546
-77.348776779,8.298559513
-77.347995434,8.297423703
-77.347333892,8.295869169
-77.346672641,8.29473326
-77.345771179,8.293537728
-77.345110229,8.29282049
-77.344329386,8.292402358
-77.343608707,8.29216362
-77.343068129,8.291882888
-77.341926921,8.29128557
-77.341446313,8.290885183
-77.340785365,8.290167932
-77.339884203,8.289391025
-77.339403322,8.288554038
-77.338811697,8.287377366
-77.338802108,8.287358285
-77.338561224,8.286281912
-77.338200311,8.285265422
-77.33759926,8.284308898
-77.336938212,8.283412207
-77.336036997,8.28251569
-77.33507615,8.282217278
-77.333935172,8.281918981
-77.333274516,8.281620349
-77.332613755,8.281142328
-77.332132891,8.280305332
-77.332072348,8.27952788
-77.332011883,8.278870032
-77.332011583,8.278391571
-77.332065128,8.277631979
-77.33212482,8.277093676
-77.332124319,8.276316187
-77.332003817,8.275658385
-77.332002933,8.274282814
-77.331762163,8.273326048
-77.331280992,8.272010596
-77.330799874,8.270754939
-77.330679293,8.269977515
-77.330618609,8.268960836
-77.330137679,8.268004218
-77.329957226,8.267466063
-77.329596535,8.266748603
-77.328395333,8.26609148
-77.327374482,8.265793079
-77.326533866,8.265673984
-77.325212787,8.265315964
-77.323891893,8.265256973
-77.323171389,8.265197614
-77.322330772,8.265078498
-77.320529605,8.265079612
-77.318968384,8.264721702
-77.317947605,8.264542897
-77.317166928,8.264244323
-77.316446388,8.264125144
-77.316227935,8.264000972
-77.315391728,8.263793252
-77.314417707,8.263793831
-77.313200462,8.26427968
-77.312714458,8.265977949
-77.312350485,8.268161291
-77.311377523,8.269981123
-77.310038641,8.270709602
-77.307725427,8.270953511
-77.306629702,8.271075421
-77.305046952,8.271197613
-77.303586092,8.271562288
-77.302734218,8.272290485
-77.301273146,8.272291304
-77.300176997,8.271685495
-77.299689368,8.2705942
-77.299567139,8.269745287
-77.299566729,8.269017583
-77.298592422,8.268532985
-77.297618176,8.268169657
-77.295913218,8.26744289
-77.294695075,8.266351992
-77.294085778,8.265382051
-77.293963429,8.264290558
-77.293962899,8.263320289
-77.293840418,8.261986212
-77.292500285,8.26041025
-77.291160616,8.259683248
-77.289455572,8.258713882
-77.288359483,8.25810804
-77.287628266,8.256774296
-77.286166554,8.255440924
-77.285191845,8.25410732
-77.28421727,8.253016244
-77.283972892,8.251318387
-77.284581196,8.250469086
-77.285676434,8.249498242
-77.287258913,8.249012281
-77.289084698,8.248162332
-77.290058169,8.247191545
-77.290909816,8.246099522
-77.291095862,8.245263432
-77.291095632,8.244845194
-77.291006102,8.243605758
-77.290561076,8.242366525
-77.289938442,8.241392977
-77.288693696,8.240331223
-77.288160044,8.239534688
-77.287804186,8.238826608
-77.287537202,8.238118476
-77.287092426,8.237321887
-77.286914266,8.236525181
-77.286901082,8.236446646
-77.286277935,8.235671477
-77.285546835,8.234459015
-77.284572298,8.233367951
-77.282866955,8.23154956
-77.281770453,8.229973422
-77.280552279,8.228518621
-77.279212002,8.226336162
-77.278845739,8.224274504
-77.278723204,8.222697861
-77.278722653,8.221606304
-77.278599931,8.21966581
-77.278477338,8.217967884
-77.278841823,8.216512284
-77.279205943,8.214328966
-77.279692278,8.213115878
-77.279476642,8.21253883
-77.279476201,8.211664532
-77.279183239,8.210790385
-77.278500699,8.210790723
-77.27791575,8.210985294
-77.275770899,8.211569229
-77.274405805,8.211569893
-77.27284579,8.211764949
-77.27177327,8.211862616
-77.270798198,8.211863078
-77.269433158,8.211960877
-77.268458136,8.212058484
-77.265142906,8.212060047
-77.264362752,8.211866112
-77.262607135,8.210798346
-77.261046721,8.21011904
-77.259876321,8.209439571
-77.258900833,8.208468565
-77.258412811,8.207400192
-77.258411983,8.205554457
-77.258606365,8.20419435
-77.259580844,8.202931034
-77.260165305,8.201667905
-77.260652291,8.200501944
-77.260944315,8.199433221
-77.261138703,8.198073116
-77.26113811,8.19681024
-77.260455247,8.196033392
-77.259772194,8.194867981
-77.258991636,8.193702594
-77.257820777,8.191857378
-77.256357606,8.190400859
-77.255284741,8.189624191
-77.254212008,8.189138933
-77.252749275,8.188653845
-77.251579004,8.188071482
-77.25031129,8.187586312
-77.249531069,8.187100922
-77.249433109,8.186032368
-77.249432613,8.184866649
-77.24952956,8.183603722
-77.249626653,8.18263224
-77.249625982,8.181077935
-77.24952795,8.179815096
-77.249527695,8.179232227
-77.24923483,8.178358053
-77.248649503,8.177581151
-77.248064257,8.176998532
-77.247283986,8.176318846
-77.246796076,8.175347601
-77.246892965,8.17389039
-77.247087351,8.172433145
-77.247281974,8.171558763
-77.248724749,8.170311819
-77.248726106,8.170170367
-77.249036271,8.170032859
-77.250011362,8.170323873
-77.25069396,8.170615014
-77.251961508,8.17080876
-77.252936478,8.17080834
-77.254203892,8.170710645
-77.254496126,8.170127643
-77.254495692,8.169156211
-77.254202612,8.167796316
-77.253714575,8.166533649
-77.253226497,8.165173828
-77.253128632,8.164299579
-77.252835806,8.163522548
-77.251957925,8.162551482
-77.251372653,8.161871728
-77.251274871,8.161191751
-77.251274409,8.160123164
-77.251469102,8.159443057
-77.252248923,8.159151301
-77.253126167,8.158665197
-77.255173488,8.158567169
-77.256343328,8.158372353
-77.257318272,8.158371936
-77.258000592,8.158080184
-77.25829264,8.157108612
-77.258194885,8.156525801
-77.257414463,8.15545755
-77.256049133,8.154486718
-77.254976404,8.153807174
-77.252440831,8.152059665
-77.24854011,8.149632718
-77.247568403,8.149291439
-77.247272476,8.149050386
-77.245809726,8.148176694
-77.244249671,8.147691613
-77.242689529,8.147012239
-77.240836845,8.14613869
-77.239178953,8.144779327
-77.237716239,8.143905604
-77.236156124,8.143226204
-77.23479104,8.142643867
-77.233523372,8.1418672
-77.231865625,8.140799243
-77.23050036,8.139731166
-77.229622696,8.139051483
-77.22884239,8.137983184
-77.227769675,8.137109275
-77.22708673,8.135652359
-77.22698859,8.133903794
-77.227085565,8.132543725
-77.227301101,8.132249277
-77.227699745,8.131778121
-77.228231428,8.131586577
-77.228556403,8.131630601
-77.229103027,8.13188063
-77.229487165,8.132145426
-77.229797439,8.132395535
-77.230092962,8.132675086
-77.230887658,8.132736598
-77.231667383,8.132250588
-77.231764683,8.131764826
-77.232251668,8.130598898
-77.232933579,8.129287185
-77.233128175,8.128315671
-77.23283531,8.127247189
-77.232444954,8.126178741
-77.23195707,8.125013193
-77.231664214,8.123944709
-77.231662136,8.118504601
-77.232149404,8.118115837
-77.232246671,8.117532931
-77.23136898,8.116658955
-77.230881188,8.115687698
-77.230490738,8.114327811
-77.230197895,8.11325933
-77.229515183,8.112385289
-77.228929923,8.111414057
-77.227759692,8.110248752
-77.226979478,8.10927759
-77.226101745,8.108209303
-77.22551646,8.107140928
-77.225321142,8.106169559
-77.224832961,8.104032543
-77.224461814,8.102060632
-77.224071445,8.100797889
-77.223485857,8.098855207
-77.222900501,8.097495385
-77.222119992,8.09564991
-77.221632027,8.093998621
-77.22133921,8.092930128
-77.220558929,8.091667511
-77.22026609,8.090501881
-77.219485799,8.089142124
-77.218705772,8.088559521
-77.217925616,8.087588347
-77.217242977,8.086714267
-77.216852668,8.085548667
-77.216852203,8.084188637
-77.217436557,8.082731258
-77.217923368,8.081079627
-77.218215357,8.079816642
-77.218799963,8.079136423
-77.218994616,8.078262056
-77.218994245,8.077193453
-77.218701416,8.076027815
-77.217726236,8.07476526
-77.216653726,8.073891326
-77.216555918,8.072919912
-77.217197134,8.072463106
-77.21729656,8.072463074
-77.218856204,8.072656829
-77.220708194,8.072656187
-77.222462651,8.072461284
-77.223729588,8.071877956
-77.224801406,8.070808972
-77.225970794,8.070031389
-77.227237908,8.069933787
-77.231137029,8.07051522
-77.23259912,8.070514655
-77.233086217,8.06983446
-77.232013517,8.068474837
-77.230551247,8.067989668
-77.229186341,8.067213012
-77.227333951,8.066047944
-77.225676512,8.064882818
-77.224408852,8.06342609
-77.224993255,8.062260135
-77.227332196,8.061287842
-77.228306617,8.060510331
-77.22898854,8.059538626
-77.229085026,8.059056905
-77.229027209,8.058654594
-77.229026047,8.055545946
-77.229122905,8.053894441
-77.229220082,8.053117251
-77.229219261,8.050882909
-77.229218413,8.050878704
-77.228692508,8.049765938
-77.227424997,8.048600657
-77.226352464,8.047532451
-77.226157034,8.046172493
-77.226351129,8.043840929
-77.226935463,8.042577838
-77.226935103,8.041606386
-77.226252624,8.04102376
-77.225472691,8.040441179
-77.224400497,8.040247267
-77.223523268,8.040150437
-77.222353446,8.039470842
-77.221573622,8.039179663
-77.220891359,8.039179903
-77.219526815,8.039083233
-77.219039152,8.038111953
-77.219038848,8.037237658
-77.219720739,8.036168818
-77.220597714,8.035585636
-77.221279905,8.03539111
-77.222644159,8.034710611
-77.223813619,8.034418765
-77.225275442,8.034029658
-77.228784144,8.034028383
-77.230148547,8.03373645
-77.23073306,8.033056207
-77.230732366,8.031210452
-77.230829327,8.029850382
-77.231316134,8.028490169
-77.232485356,8.027615426
-77.23404457,8.027129101
-77.235603816,8.026739925
-77.236480362,8.025185271
-77.23618757,8.024116783
-77.234140247,8.022466101
-77.231801021,8.022078397
-77.227415269,8.022080027
-77.225368728,8.022469347
-77.22390701,8.023052737
-77.223127701,8.024121606
-77.222640838,8.025384672
-77.221471544,8.026065094
-77.220204562,8.026162686
-77.219132373,8.025871612
-77.218254915,8.024997608
-77.217660141,8.024249793
-77.216879981,8.022890026
-77.216392316,8.021821596
-77.216002272,8.02123886
-77.215319681,8.02017048
-77.214441976,8.018519296
-77.213662151,8.018062984
-77.212394871,8.017189088
-77.211517466,8.016412212
-77.210640194,8.01592677
-77.210250086,8.015149731
-77.211029461,8.014178028
-77.212491238,8.013886115
-77.213465743,8.013594359
-77.214147727,8.01291412
-77.214244794,8.011748334
-77.214147003,8.010679773
-77.213366926,8.009514284
-77.211807187,8.008251901
-77.210344992,8.007280929
-77.208395381,8.005824358
-77.206445652,8.003979217
-77.205470661,8.002619491
-77.204398209,8.001259779
-77.202448254,7.998540305
-77.200986046,7.997277845
-77.199913773,7.996403854
-77.198646556,7.99543278
-77.197574362,7.994753073
-77.19591749,7.994267821
-77.194553037,7.993976764
-77.193383303,7.993005642
-77.192408295,7.991354448
-77.191725819,7.990286034
-77.190750993,7.989217706
-77.189971235,7.988732185
-77.188119603,7.988635535
-77.187047599,7.988635824
-77.185488112,7.98776193
-77.184513356,7.986887865
-77.183148728,7.985722473
-77.181978941,7.984362726
-77.179542021,7.981934696
-77.178469865,7.981157795
-77.176423024,7.979701099
-77.174668733,7.979021498
-77.173109346,7.978244703
-77.172422853,7.97786471
-77.171637619,7.977312435
-77.169688269,7.975855691
-77.167933798,7.974204592
-77.165789466,7.972165002
-77.164035052,7.970611044
-77.161890807,7.968862859
-77.160136397,7.967211734
-77.158966759,7.965949071
-77.157894604,7.964783532
-77.156335178,7.963423785
-77.154483445,7.962161244
-77.153118976,7.961092888
-77.151169819,7.959830345
-77.149025739,7.958373535
-77.147466457,7.957596635
-77.145907266,7.957305456
-77.143958222,7.956528603
-77.141716767,7.955266061
-77.140352521,7.955169136
-77.139377917,7.954197814
-77.140254764,7.953129083
-77.141619005,7.953226022
-77.143178183,7.953517204
-77.144444999,7.953711292
-77.146004147,7.95390533
-77.147953245,7.954973621
-77.149804878,7.955944749
-77.151071868,7.957013135
-77.152533759,7.958081474
-77.154190497,7.958955493
-77.156139727,7.960509461
-77.157601617,7.961480632
-77.158673598,7.96177186
-77.159940508,7.96225734
-77.160817608,7.962645747
-77.161402373,7.963034211
-77.162279476,7.963422623
-77.162503625,7.963534291
-77.163263758,7.963723564
-77.164433282,7.964403341
-77.16589508,7.964791619
-77.167161858,7.964597051
-77.168038861,7.964499719
-77.169597949,7.964110799
-77.170767227,7.963721948
-77.171741602,7.963235994
-77.172813237,7.962069999
-77.173884851,7.960709724
-77.174566906,7.960418124
-77.175346409,7.960126508
-77.176807963,7.959543279
-77.178074727,7.959348685
-77.178951684,7.959057037
-77.179536165,7.958279725
-77.179925675,7.957211021
-77.17992539,7.956045275
-77.179925098,7.954879528
-77.179047786,7.953616843
-77.178268038,7.952839871
-77.17651374,7.95167455
-77.175441667,7.950897626
-77.174466986,7.949926405
-77.17232281,7.948178289
-77.171348176,7.947304175
-77.171011833,7.946566916
-77.170656053,7.94607059
-77.170655763,7.944807684
-77.170947745,7.943253289
-77.170947519,7.942281832
-77.170654999,7.941407584
-77.169680296,7.94014491
-77.168023783,7.940145267
-77.167439025,7.939659673
-77.165879877,7.939271418
-77.163346385,7.939271943
-77.162079494,7.938592186
-77.161007301,7.936940927
-77.160324932,7.935483872
-77.159837449,7.934123924
-77.159545032,7.933638249
-77.158473015,7.932764152
-77.157671293,7.932345665
-77.156913845,7.932084427
-77.155452112,7.931404686
-77.154087763,7.930433475
-77.153308063,7.929364998
-77.153405332,7.928490678
-77.154379527,7.927421903
-77.154852798,7.927421824
-77.155159004,7.927227464
-77.156620531,7.926935761
-77.157887176,7.926546923
-77.159056373,7.926255261
-77.161005154,7.926254872
-77.162271879,7.926351763
-77.163636128,7.926837213
-77.164805678,7.928197011
-77.165195684,7.92936268
-77.165780582,7.930625457
-77.166560374,7.931888188
-77.167729842,7.932762247
-77.168899191,7.933053432
-77.170750642,7.933441606
-77.175914988,7.933440414
-77.177376571,7.933342924
-77.178545716,7.932759757
-77.179422528,7.932176674
-77.180201865,7.931399316
-77.180591355,7.930330619
-77.18068772,7.929994051
-77.180835386,7.929762582
-77.180939802,7.929241392
-77.180939119,7.926531393
-77.180868612,7.926402591
-77.180590172,7.925570467
-77.180206879,7.924806659
-77.180206728,7.924134269
-77.17989277,7.922883566
-77.179578888,7.921841331
-77.178951338,7.920694944
-77.178323768,7.919444336
-77.178323441,7.918089333
-77.178741469,7.917463846
-77.180936849,7.917463299
-77.181982347,7.917671511
-77.182714165,7.917775562
-77.183759761,7.918400671
-77.184212209,7.918761356
-77.185186496,7.919111048
-77.186323308,7.919828284
-77.187437194,7.920581826
-77.188650149,7.921261254
-77.189695763,7.921739896
-77.189916715,7.921843214
-77.191793725,7.921859689
-77.193464461,7.921164402
-77.194954511,7.919795442
-77.195905804,7.919591923
-77.19707527,7.920368763
-77.197855004,7.921145709
-77.199121689,7.921145333
-77.199998458,7.920562206
-77.200875299,7.92027051
-77.201654767,7.920173134
-77.202921532,7.920464179
-77.203993529,7.921046749
-77.205357893,7.921823488
-77.206819508,7.922017344
-77.20837851,7.922016848
-77.209255176,7.921142258
-77.209936965,7.920267727
-77.211008582,7.919684511
-77.211690354,7.91880999
-77.211787573,7.918129938
-77.211787233,7.917061321
-77.211981757,7.915992664
-77.213053205,7.914923709
-77.213930005,7.914534837
-77.219288975,7.914533052
-77.220750745,7.915212573
-77.22221266,7.916280674
-77.223479668,7.91725168
-77.22435687,7.918028547
-77.226403634,7.919679302
-77.227573154,7.920456052
-77.2288401,7.921135608
-77.229794908,7.920940974
-77.231061558,7.920843357
-77.232133254,7.920551531
-77.23330221,7.919773936
-77.234568744,7.91938487
-77.236712353,7.919384054
-77.237589251,7.919286567
-77.23778386,7.918606478
-77.237978432,7.917829245
-77.238660381,7.917537544
-77.240121926,7.917536974
-77.242070685,7.917633353
-77.243727112,7.917632695
-77.245968267,7.917923245
-77.256686283,7.917918766
-77.257952864,7.917723932
-77.258829744,7.917626415
-77.260583481,7.917334212
-77.263165145,7.916458751
-77.26472369,7.915486601
-77.266282303,7.914708742
-77.267840701,7.913445143
-77.269106995,7.912667388
-77.270080721,7.911306909
-77.270762219,7.910140844
-77.271833596,7.909266033
-77.272709724,7.907614157
-77.273293905,7.906739568
-77.274560233,7.906058958
-77.275826635,7.905572618
-77.278165035,7.905571516
-77.279529242,7.90586229
-77.28089355,7.906347355
-77.282550118,7.906735128
-77.283914288,7.906928755
-77.285668236,7.907219317
-77.287129938,7.907607172
-77.288299435,7.908189443
-77.289468848,7.908577441
-77.29073568,7.908965367
-77.292099969,7.909353259
-77.293269336,7.909644085
-77.294146539,7.910226512
-77.295316257,7.911197359
-77.296388452,7.911973955
-77.297460347,7.912167687
-77.298629568,7.912167071
-77.299895958,7.91168067
-77.301259627,7.910902782
-77.303012705,7.909541799
-77.304181279,7.908375429
-77.306129415,7.907402908
-77.307395577,7.906527905
-77.308759155,7.905652848
-77.309928132,7.905263618
-77.311779361,7.905262582
-77.312948127,7.90448476
-77.313523192,7.903783167
-77.313970588,7.903464155
-77.314457317,7.902686714
-77.315041459,7.90190923
-77.315820304,7.90084018
-77.316237466,7.900146049
-77.316599199,7.899868276
-77.317670324,7.898799075
-77.319131192,7.897729625
-77.320299736,7.896660348
-77.321370973,7.895785416
-77.32253991,7.895396167
-77.323903826,7.895201056
-77.325462666,7.895102997
-77.327703565,7.895101667
-77.328872618,7.894906683
-77.330333896,7.894614362
-77.331795349,7.894613483
-77.33325664,7.894321152
-77.334815094,7.893640173
-77.335788666,7.892473832
-77.337054357,7.891015866
-77.337735391,7.889461131
-77.338124011,7.887712273
-77.337830571,7.885866692
-77.337147907,7.884798526
-77.336173022,7.88382767
-77.335587917,7.882953719
-77.335587784,7.882745554
-77.335977083,7.882079182
-77.336268337,7.880427525
-77.336266408,7.87731888
-77.336362815,7.875667347
-77.336361845,7.874113024
-77.336555681,7.872461424
-77.33713914,7.870712448
-77.338696107,7.867797132
-77.339279677,7.866242438
-77.339571279,7.865173653
-77.339667837,7.863813557
-77.339666874,7.862259238
-77.33986081,7.860801933
-77.34093196,7.860024108
-77.342295997,7.860217535
-77.343172495,7.85973126
-77.343561064,7.857982395
-77.343558553,7.854053265
-77.343725495,7.853546092
-77.344228985,7.852009715
-77.34438272,7.851545526
-77.344432697,7.851444635
-77.344825056,7.851113937
-77.345057501,7.849600883
-77.344840854,7.848739038
-77.344840124,7.847602618
-77.34526639,7.84589771
-77.345861034,7.845374332
-77.348114078,7.843765089
-77.349537949,7.842769811
-77.351247199,7.842484601
-77.355093383,7.84248208
-77.357087812,7.84262282
-77.361503815,7.842619856
-77.362357842,7.841624917
-77.363069562,7.840828933
-77.363353304,7.83912411
-77.364775961,7.83642413
-77.366198396,7.833440057
-77.366481234,7.830456756
-77.366195182,7.828752316
-77.365990122,7.828446046
-77.364963777,7.827423938
-77.362563666,7.825750924
-77.361123153,7.824077264
-77.360162455,7.822403268
-77.360161322,7.820728625
-77.360400081,7.819053822
-77.360398474,7.816661485
-77.360876963,7.814747298
-77.362075117,7.812832607
-77.362073993,7.811157979
-77.36179364,7.810228314
-77.360056574,7.808869066
-77.358915619,7.806739028
-77.35734756,7.80489339
-77.354782529,7.803190435
-77.351932093,7.800635333
-77.350506522,7.798789578
-77.349650621,7.796801376
-77.349647681,7.792255672
-77.347936008,7.788421324
-77.345797067,7.784587244
-77.344513636,7.782173151
-77.341661992,7.777345123
-77.341090591,7.774646459
-77.341088817,7.771805389
-77.341371625,7.768537977
-77.342224413,7.765696384
-77.344644846,7.764416384
-77.351338844,7.764412124
-77.353618202,7.765262978
-77.357179964,7.766965288
-77.3591745,7.767816297
-77.361311188,7.768241034
-77.364159815,7.768381172
-77.36658107,7.768379524
-77.369144446,7.767951626
-77.372419952,7.767523203
-77.375410904,7.767521115
-77.379114082,7.767660559
-77.381963021,7.768226746
-77.384385089,7.769361423
-77.385667856,7.77063897
-77.386665888,7.772058772
-77.387094829,7.774331307
-77.38738105,7.776177781
-77.387382293,7.777882407
-77.38795307,7.779302534
-77.389377353,7.779301495
-77.390227142,7.779090869
-77.39084566,7.778086772
-77.392160898,7.777159373
-77.39277986,7.776772902
-77.393630813,7.776077446
-77.394559295,7.775536332
-77.395797283,7.774840584
-77.396880387,7.774067746
-77.39804091,7.773294851
-77.399046539,7.772444868
-77.39912294,7.77113236
-77.398270373,7.769666151
-77.397108062,7.768045776
-77.395791355,7.766965917
-77.39424221,7.765577429
-77.393544581,7.764265507
-77.393311791,7.763493653
-77.392923907,7.762335904
-77.391839438,7.761255874
-77.390135571,7.759944677
-77.388973542,7.75863309
-77.388508104,7.757243774
-77.389435978,7.755930651
-77.391061107,7.755466236
-77.392066565,7.754415544
-77.392065757,7.753334707
-77.392529028,7.751790309
-77.393069985,7.750631862
-77.393146813,7.749859788
-77.393765167,7.74870128
-77.39453855,7.747851482
-77.395002154,7.746770297
-77.395233776,7.7459981
-77.395697317,7.744839718
-77.39608316,7.743295368
-77.396236806,7.741751203
-77.396313458,7.740747507
-77.396389864,7.739434998
-77.396621083,7.738122388
-77.396929635,7.736732497
-77.396852117,7.736578164
-77.396773963,7.735574579
-77.396770019,7.730324803
-77.397078627,7.729012124
-77.397310013,7.727931099
-77.397618316,7.72623242
-77.398004611,7.7253057
-77.399010075,7.724378496
-77.400169932,7.722910783
-77.401175315,7.72190638
-77.402103741,7.721442461
-77.403573925,7.72097813
-77.404502685,7.720977413
-77.405508907,7.721053858
-77.406824766,7.721207241
-77.40759874,7.721206651
-77.408449917,7.720974384
-77.408991279,7.720433538
-77.409068127,7.719738662
-77.409067533,7.71896664
-77.408981133,7.718452005
-77.408983245,7.718445663
-77.408980662,7.715122467
-77.409807213,7.714159044
-77.412013789,7.714707492
-77.413118381,7.716632182
-77.413119246,7.717732518
-77.414498423,7.718144046
-77.415463399,7.717868202
-77.416427827,7.716904665
-77.41711604,7.715391169
-77.417389834,7.712915239
-77.418491144,7.710713709
-77.418903365,7.708925347
-77.418901482,7.70658717
-77.419037381,7.704111317
-77.419863118,7.702185107
-77.420826844,7.700396311
-77.422893243,7.698194014
-77.423995278,7.696955263
-77.42606198,7.695165562
-77.428128567,7.693238308
-77.430333107,7.691448486
-77.432399996,7.689933832
-77.435155216,7.68718075
-77.436394413,7.685185375
-77.436668661,7.683397125
-77.436805487,7.68215915
-77.436942207,7.680783628
-77.437354434,7.679132799
-77.43762879,7.677482097
-77.438316414,7.675418415
-77.439003324,7.672529481
-77.439691629,7.671291045
-77.440654732,7.668952051
-77.440928484,7.66661364
-77.440926617,7.664412989
-77.440950394,7.664003798
-77.44082863,7.662680069
-77.440827706,7.661579753
-77.44027509,7.660204803
-77.440136402,7.659242158
-77.440411437,7.658416676
-77.440962656,7.658141122
-77.442203454,7.658140077
-77.443030174,7.657589219
-77.444132749,7.657175663
-77.445787007,7.657036706
-77.446614194,7.657035998
-77.447442092,7.657860536
-77.447989339,7.658187467
-77.448503961,7.658217222
-77.450020482,7.65821592
-77.451674753,7.658076938
-77.45319115,7.657938079
-77.454155358,7.656974462
-77.455671746,7.656835597
-77.456857135,7.656559472
-77.46085522,7.656555933
-77.462096973,7.657655145
-77.462649801,7.659167592
-77.46347848,7.660817337
-77.464031425,7.662467311
-77.465686065,7.662740901
-77.466235917,7.660952392
-77.466232423,7.657101275
-77.466919497,7.65462494
-77.468296631,7.652973211
-77.470087723,7.651733724
-77.470086725,7.65063341
-77.469258537,7.649533844
-77.468154143,7.647884365
-77.467187116,7.645684604
-77.466220719,7.644172525
-77.465668284,7.6430727
-77.465663313,7.637571104
-77.466213009,7.635645044
-77.467864806,7.632892757
-77.468552843,7.631516744
-77.468827051,7.629866015
-77.469790791,7.628489744
-77.470892253,7.626975802
-77.472269405,7.625461597
-77.473508709,7.623947535
-77.474472426,7.622571256
-77.47653839,7.620588765
-77.478605535,7.619899156
-77.479983428,7.61921019
-77.481222546,7.617558553
-77.481358344,7.615357787
-77.481356922,7.61384485
-77.481217146,7.611781878
-77.481215599,7.610131399
-77.481627344,7.608205455
-77.482452256,7.605866514
-77.483415373,7.60394005
-77.485409869,7.600083753
-77.485406964,7.597007755
-77.485106193,7.595812188
-77.485103382,7.592822564
-77.485201668,7.59112835
-77.485300508,7.590032059
-77.485498284,7.587939146
-77.485796868,7.586842661
-77.486095065,7.58534757
-77.486293415,7.58385257
-77.486491839,7.582457229
-77.487089751,7.581061501
-77.487887592,7.579864904
-77.488085821,7.57827025
-77.488483879,7.576775071
-77.489082161,7.575777955
-77.489180436,7.574083738
-77.48947861,7.572588652
-77.489876766,7.571193113
-77.490574812,7.570096261
-77.491073103,7.568999591
-77.491171176,7.567106074
-77.40915516,7.567929851
-77.367514593,7.559006872
-77.31397672,7.538186588
-77.257464521,7.523314957
-77.212849627,7.499520347
-77.153363102,7.469777084
-77.108748208,7.448956801
-77.049261683,7.443008148
-77.001672463,7.475725737
-76.945160264,7.481674389
-76.873776434,7.454905453
-76.784546646,7.431110843
-76.716137142,7.389470275
-76.623933028,7.35377836
-76.540651893,7.335932403
-76.478191042,7.327009424
-76.418704516,7.327009424
-76.380038275,7.347829708
-76.305680119,7.365675665
-76.243219267,7.365675665
-76.183732742,7.365675665
-76.118297564,7.365675665
-76.075169834,7.356752687
-76.003786004,7.318086445
-75.950248131,7.279420204
-75.914556216,7.249676941
-75.866966996,7.222908005
-75.825326428,7.202087721
-75.789634513,7.196139069
-75.745019619,7.208036374
-75.709327704,7.237779636
-75.667687137,7.291317509
-75.61712359,7.327009424
-75.572508696,7.359727013
-75.536816781,7.389470275
-75.486253235,7.410290559
-75.447586993,7.428136517
-75.398808043,7.46454227
-75.377392894,7.488812772
-75.364543804,7.510227922
-75.359253935,7.52503341
-75.349196281,7.558226112
-75.334919515,7.595702622
-75.309935174,7.645671303
-75.293873813,7.706347559
-75.283166238,7.761670028
-75.263535685,7.822346283
-75.24033594,7.865176581
-75.213567004,7.899083901
-75.190367259,7.927637433
-75.154675344,7.95797556
-75.134281891,7.965819196
-75.108275854,7.975821518
-75.04533911,8.007159019
-75.001557028,8.039519689
-74.957774945,8.081398203
-74.927317845,8.127083854
-74.900667881,8.178480212
-74.87021078,8.243201551
-74.818814423,8.307922891
-74.75980379,8.380258505
-74.700793157,8.431654863
-74.639878955,8.462111964
-74.553458605,8.467515039
-74.515387229,8.478222614
-74.479695314,8.482981536
-74.441623938,8.502017224
-74.420208789,8.513914529
-74.392844987,8.529381025
-74.37618876,8.556744827
-74.358090723,8.607409878
-74.327888591,8.627574325
-74.296476816,8.647164345
-74.238320465,8.651777231
-74.208090989,8.678644313
-74.207120746,8.695344533
-74.2009829437,8.712235382
-74.203183,8.740459
-74.197861,8.794565
-74.188906,8.885606
-74.12316,8.97701
-74.091348,9.021235
-74.061199,9.042881
-73.998549,9.08786
-73.966212,9.136366
-73.929422,9.191551
-73.840175,9.206685
-73.77355,9.195264
-73.716443,9.191456
-73.640182,9.186511
-73.597323,9.184529
-73.541315,9.181939
-73.502175336,9.178824498
-73.468920107,9.17742723
-73.430848731,9.175523662
-73.348607747,9.184505865
-73.348401998,9.184621913
-73.348343922,9.184502277
-73.348253552,9.184208246
-73.348163137,9.183921033
-73.34811266,9.183587543
-73.348039808,9.183057422
-73.348035016,9.182633589
-73.34808629,9.182018947
-73.348092323,9.181860729
-73.348052911,9.181669688
-73.347951109,9.181392602
-73.347866534,9.181042115
-73.347833491,9.180523331
-73.347794612,9.180072369
-73.347704442,9.179670984
-73.347756517,9.179242798
-73.347909954,9.178728908
-73.34822327,9.178448143
-73.348711902,9.178081863
-73.34903005,9.177681311
-73.34903092,9.177264317
-73.348826887,9.176930547
-73.34829453,9.175869437
-73.348086086,9.17547915
-73.347944811,9.175061859
-73.347826126,9.174689796
-73.347662031,9.174299607
-73.347570649,9.173938916
-73.347526497,9.173842778
-73.347441691,9.173605276
-73.347262416,9.173404876
-73.347069138,9.173376231
-73.346535804,9.173370626
-73.346088033,9.173217194
-73.345968443,9.173051633
-73.343848221,9.172695998
-73.343828519,9.172695264
-73.343543731,9.172694878
-73.342994164,9.172721103
-73.342752269,9.172745271
-73.342344285,9.17280579
-73.341963544,9.172885019
-73.340405234,9.173308772
-73.340017001,9.173384943
-73.339481981,9.173447127
-73.33894178,9.173459388
-73.338293767,9.17341239
-73.337777278,9.173333338
-73.337260334,9.173225579
-73.336706028,9.173086316
-73.336152346,9.172929603
-73.335296672,9.172668279
-73.334281891,9.172323218
-73.333609349,9.172047647
-73.331829622,9.171208417
-73.330803666,9.170741472
-73.33003738,9.170414786
-73.329604813,9.170263233
-73.329098865,9.17011917
-73.327940928,9.169857977
-73.32742723,9.169762651
-73.326771182,9.169678526
-73.326435163,9.169656794
-73.325960435,9.169653549
-73.325362592,9.169687489
-73.324962926,9.169728165
-73.324022435,9.169855299
-73.322640239,9.170069394
-73.322181964,9.170122035
-73.321850691,9.170140409
-73.32137357,9.17013138
-73.320921541,9.170083064
-73.320473896,9.169997946
-73.320151841,9.169914379
-73.319499425,9.169700414
-73.318263258,9.169227172
-73.317814299,9.169071484
-73.317361995,9.168944776
-73.316842768,9.168852688
-73.316609709,9.168832558
-73.316302091,9.168827102
-73.315835797,9.168864405
-73.315498514,9.168924078
-73.315162861,9.16900712
-73.314688849,9.16915722
-73.313091896,9.169764666
-73.312335747,9.170012565
-73.311708129,9.170186604
-73.310749609,9.170417976
-73.309681714,9.170636895
-73.309096898,9.170739271
-73.30856081,9.170820403
-73.30766063,9.170919015
-73.307257555,9.170942665
-73.306169936,9.170964355
-73.305417913,9.171011578
-73.303741854,9.171222462
-73.303322801,9.171261256
-73.302707217,9.171293442
-73.30206714,9.171292271
-73.301559033,9.171264144
-73.301096862,9.171216683
-73.300684088,9.171155786
-73.300160996,9.171053384
-73.299593406,9.170914458
-73.299029869,9.170756202
-73.298255435,9.170516364
-73.29651531,9.169926518
-73.295783197,9.169649215
-73.29552169,9.169535172
-73.293795735,9.168703419
-73.292739818,9.168239619
-73.290862202,9.167354118
-73.289409291,9.166701117
-73.288849228,9.166421284
-73.287637736,9.165773762
-73.287225875,9.165569763
-73.286343264,9.165163094
-73.284737526,9.164479189
-73.281942575,9.163346466
-73.281405786,9.16313766
-73.280868412,9.162959997
-73.280668736,9.162907256
-73.280421996,9.162854131
-73.280017244,9.162796169
-73.279599784,9.162772588
-73.279180608,9.162780943
-73.278709259,9.162823047
-73.278202158,9.162903546
-73.277772264,9.163005271
-73.277453421,9.16310235
-73.277138606,9.163214851
-73.276569774,9.163451099
-73.275442712,9.163948658
-73.27486929,9.164158669
-73.274371647,9.164291746
-73.273952896,9.164370487
-73.273349334,9.164440415
-73.272913484,9.164457679
-73.272509734,9.164447614
-73.270804063,9.16428796
-73.268993454,9.164181818
-73.268347934,9.164125486
-73.26734849,9.164017996
-73.266808635,9.163931182
-73.266422231,9.163843437
-73.266067653,9.163742521
-73.265635612,9.163595333
-73.265207457,9.163432651
-73.264418479,9.163116937
-73.263490488,9.162728355
-73.263067255,9.162565571
-73.26263957,9.162424294
-73.262141289,9.162300399
-73.261896581,9.162257798
-73.261537535,9.162217158
-73.261077568,9.162199696
-73.260720811,9.162209263
-73.259059741,9.162348758
-73.258755236,9.162364526
-73.258216236,9.162370255
-73.257907213,9.162360218
-73.257331677,9.162313743
-73.256278026,9.16217104
-73.255790359,9.162122051
-73.255315563,9.162103965
-73.254995735,9.162113419
-73.25468833,9.162138425
-73.254020778,9.162220221
-73.253590748,9.162238761
-73.253207064,9.162174374
-73.252988192,9.162067015
-73.252833881,9.161937625
-73.252698055,9.161775956
-73.252535377,9.161516884
-73.252028441,9.160483014
-73.25182119,9.160147675
-73.251608832,9.159889132
-73.251273715,9.159602949
-73.250973557,9.159440584
-73.250647225,9.159341092
-73.250174199,9.159315523
-73.249687149,9.159411721
-73.249330982,9.159556624
-73.248980266,9.159755515
-73.248637032,9.159999936
-73.248373139,9.160220241
-73.248115973,9.160461865
-73.247689471,9.160920969
-73.2472823,9.161421453
-73.246629329,9.162324834
-73.245654496,9.163740378
-73.245311016,9.164214137
-73.244902967,9.164741452
-73.244475701,9.165233512
-73.244009376,9.165684837
-73.243509057,9.166068514
-73.243002748,9.166356176
-73.242472948,9.166569146
-73.242111275,9.166670753
-73.241747852,9.166746774
-73.240989712,9.166874321
-73.240542928,9.166977658
-73.240104436,9.167121778
-73.239682989,9.16731685
-73.239178425,9.16765113
-73.239016981,9.167782064
-73.238559114,9.168211754
-73.23812043,9.168689962
-73.236468219,9.170662921
-73.235676685,9.171536407
-73.235283437,9.171934857
-73.234875761,9.172315852
-73.2344499,9.172673591
-73.234002312,9.173003296
-73.233535507,9.173305637
-73.233052265,9.173582094
-73.23255437,9.173832802
-73.231924452,9.174105874
-73.231279752,9.174345113
-73.230624843,9.174554838
-73.229675468,9.174808221
-73.229199102,9.174914726
-73.228144398,9.175122232
-73.227626149,9.175237112
-73.227290449,9.175326183
-73.226960501,9.175427859
-73.22651008,9.175593287
-73.226076765,9.175788676
-73.225664838,9.176018553
-73.225255234,9.176303787
-73.2248726,9.176625792
-73.224515145,9.176977454
-73.224131432,9.177408011
-73.223384855,9.17827856
-73.22299091,9.178685296
-73.222587846,9.179039218
-73.222153549,9.179350132
-73.221614854,9.179645588
-73.221042894,9.179886095
-73.220601444,9.180036817
-73.220150629,9.180165007
-73.21969317,9.180270449
-73.219217947,9.180355447
-73.218742091,9.180421375
-73.217668349,9.180533683
-73.217082785,9.180615122
-73.216646273,9.180711654
-73.216225177,9.180838133
-73.21582364,9.180990912
-73.215475675,9.181152183
-73.215153039,9.181331526
-73.214484634,9.181790348
-73.214116769,9.182020165
-73.213846587,9.182134731
-73.213566808,9.182193953
-73.213352951,9.182194596
-73.213093426,9.182143321
-73.21298043,9.182105531
-73.212650312,9.181952801
-73.212314443,9.181749775
-73.210854661,9.180706947
-73.210313267,9.180362532
-73.209999821,9.180185281
-73.20968741,9.180031236
-73.209361127,9.179902289
-73.209038033,9.179816341
-73.208767342,9.17978324
-73.208503848,9.179785799
-73.208246994,9.179821718
-73.208004492,9.179884881
-73.207334327,9.18014816
-73.207068875,9.180228907
-73.206793571,9.180269038
-73.206555473,9.180261366
-73.206312177,9.180219222
-73.206067363,9.180148783
-73.204964227,9.179695453
-73.204572993,9.179584206
-73.204173758,9.179534094
-73.204012454,9.17953519
-73.203594479,9.179582855
-73.202868355,9.179718951
-73.202490672,9.179759916
-73.202072945,9.179748321
-73.20159779,9.179660462
-73.201108258,9.179514988
-73.199374589,9.178891084
-73.19874251,9.17864304
-73.198109199,9.178370453
-73.197594101,9.178124919
-73.197082841,9.177863492
-73.195012944,9.176745774
-73.194349951,9.176429495
-73.194003422,9.176286819
-73.193515502,9.176118447
-73.193018725,9.175985042
-73.19251448,9.175888224
-73.192012366,9.175829375
-73.191505311,9.175798724
-73.190418466,9.175789232
-73.189840371,9.175806981
-73.189261512,9.175843461
-73.187132876,9.176068517
-73.184788065,9.176288409
-73.184239218,9.176356019
-73.183593108,9.176452716
-73.179760797,9.177128283
-73.178755557,9.177329752
-73.178295833,9.177442254
-73.177842712,9.177572925
-73.177204748,9.177799841
-73.176584678,9.178070244
-73.175984437,9.178382253
-73.175470718,9.178693473
-73.17497371,9.179032956
-73.174492897,9.179397017
-73.174028808,9.17978369
-73.173583183,9.180192717
-73.173095419,9.180690242
-73.172630029,9.181210735
-73.172182942,9.181747969
-73.171210461,9.182968566
-73.170146807,9.184187544
-73.16922907,9.185184546
-73.168017013,9.186434771
-73.167220081,9.187277814
-73.166443375,9.188163366
-73.164892547,9.190010773
-73.164485893,9.190462606
-73.164067848,9.190887502
-73.163632427,9.191274443
-73.163267734,9.19154868
-73.162889098,9.191786767
-73.162413244,9.192022197
-73.16192648,9.192196463
-73.161415009,9.192317565
-73.160500223,9.192503595
-73.160107854,9.192619576
-73.159736891,9.192776123
-73.159281785,9.193071149
-73.158967854,9.19336048
-73.158246058,9.194177606
-73.157918939,9.194529012
-73.15756581,9.194872608
-73.157261287,9.195140496
-73.156526755,9.195718389
-73.155388687,9.19657289
-73.154319994,9.197465343
-73.152925367,9.198559056
-73.152487213,9.198920884
-73.152107659,9.199269657
-73.151775005,9.199631694
-73.151506726,9.200013041
-73.151321341,9.200419691
-73.151234392,9.200846183
-73.151247844,9.201237351
-73.151333545,9.201636274
-73.151475283,9.202039979
-73.151683081,9.202499808
-73.152137288,9.2034436
-73.152346721,9.203931966
-73.152533699,9.204433539
-73.152668094,9.204872014
-73.152770643,9.205316945
-73.152848788,9.205925094
-73.152862858,9.206534254
-73.152818462,9.207135482
-73.152716513,9.207718994
-73.152574713,9.208215897
-73.152382896,9.208680934
-73.152136603,9.209103503
-73.151827925,9.209470669
-73.151381292,9.209818818
-73.150862326,9.21010229
-73.150293939,9.21034924
-73.148632436,9.211013872
-73.148096317,9.211247096
-73.147562198,9.211496068
-73.146476287,9.21205847
-73.144365883,9.213214194
-73.143319592,9.213750615
-73.142140647,9.214303173
-73.139743455,9.215379218
-73.13853313,9.215964181
-73.137940345,9.216275504
-73.137420102,9.216568329
-73.136909677,9.21687375
-73.136409508,9.217190472
-73.135920911,9.217517976
-73.135446147,9.217856581
-73.134988559,9.218207498
-73.134552789,9.218572788
-73.134144962,9.218955642
-73.13374592,9.219393547
-73.1334029,9.219866397
-73.133112486,9.220411211
-73.132878019,9.220992287
-73.132676895,9.22159627
-73.132295385,9.222827032
-73.132076906,9.223432185
-73.131893648,9.223860774
-73.131694971,9.224281532
-73.131261216,9.225149107
-73.131026735,9.22559209
-73.130777794,9.226019522
-73.130506007,9.226423149
-73.130179566,9.226820487
-73.12981488,9.227171319
-73.129409175,9.227465136
-73.128914868,9.227712775
-73.128378686,9.227895756
-73.127811317,9.22803019
-73.127221216,9.22812884
-73.126765979,9.228185839
-73.124476369,9.228391442
-73.123795397,9.228468871
-73.123118271,9.228573017
-73.122518264,9.228694816
-73.121920802,9.228835185
-73.119860834,9.229354715
-73.118484843,9.22967513
-73.117795229,9.229808036
-73.117103876,9.229910726
-73.11641837,9.229973713
-73.115732586,9.229998314
-73.115048582,9.229984456
-73.113510718,9.229859052
-73.112886267,9.229819065
-73.111625916,9.229779708
-73.109775938,9.229777784
-73.106162849,9.229841342
-73.105539357,9.229835972
-73.104919687,9.229810512
-73.104380695,9.229764777
-73.103846705,9.22969274
-73.103319168,9.229589667
-73.102872095,9.22947406
-73.102428073,9.229339515
-73.101316321,9.228956777
-73.099051463,9.228114824
-73.098475026,9.22791837
-73.097787462,9.227707073
-73.097094558,9.227516695
-73.096398762,9.227345142
-73.094792315,9.226987943
-73.093559821,9.226697067
-73.0929574,9.226573092
-73.092366022,9.226487056
-73.091788543,9.226460617
-73.091213431,9.226517311
-73.090669053,9.226663405
-73.090169521,9.226904016
-73.089803817,9.227175978
-73.089478002,9.227507243
-73.089192135,9.227888757
-73.088908127,9.228386239
-73.088662974,9.228926495
-73.088441254,9.229496194
-73.08781274,9.231234854
-73.087588581,9.231811452
-73.087357875,9.232362049
-73.086855275,9.233448508
-73.086585312,9.233983052
-73.086262757,9.234583935
-73.085924476,9.235174242
-73.085569565,9.235751753
-73.085210204,9.236294431
-73.084835938,9.236821868
-73.084448368,9.2373325
-73.084047978,9.2378233
-73.083677219,9.238244762
-73.083299474,9.238645765
-73.08291799,9.239024278
-73.082535569,9.239376763
-73.082123611,9.23971742
-73.081692858,9.239999432
-73.081282153,9.240184803
-73.080849818,9.240314283
-73.080454157,9.240393274
-73.07958919,9.240541078
-73.07900667,9.240669415
-73.078527638,9.240808551
-73.078051011,9.240976377
-73.077580064,9.241168975
-73.077145495,9.241370008
-73.076722537,9.241587951
-73.076315231,9.241821096
-73.07586875,9.242109601
-73.075460139,9.242417318
-73.075102192,9.242745536
-73.074763841,9.243164941
-73.074549138,9.243614298
-73.074489796,9.243946914
-73.074510406,9.244285035
-73.07465517,9.244727375
-73.074902969,9.245166819
-73.075220559,9.24560666
-73.076074738,9.246676856
-73.076367893,9.247095251
-73.076635673,9.247536107
-73.076869655,9.247999227
-73.077039752,9.248418805
-73.077181988,9.248852464
-73.077300304,9.24929745
-73.077417741,9.24986005
-73.077505306,9.250433049
-73.07756321,9.251013818
-73.077593196,9.251689163
-73.077589839,9.252369296
-73.077558361,9.25305198
-73.077501233,9.253735285
-73.077418336,9.254417314
-73.077307001,9.255096132
-73.077162073,9.255778558
-73.076988256,9.256455163
-73.076788578,9.257125089
-73.076563424,9.25778668
-73.076310539,9.258437201
-73.076069155,9.25898384
-73.075806793,9.259519135
-73.075524959,9.260041866
-73.075223773,9.260549654
-73.074921168,9.261012078
-73.074600761,9.261455314
-73.074262035,9.261875307
-73.073903308,9.2622664
-73.073457149,9.262676784
-73.072981143,9.263027749
-73.072474411,9.263304752
-73.071996929,9.263477302
-73.071502043,9.263582436
-73.070998185,9.263623348
-73.070493258,9.263599391
-73.069994996,9.263506086
-73.069532499,9.263349236
-73.069083725,9.263136686
-73.068649689,9.2628805
-73.06823202,9.262590578
-73.06774368,9.262202156
-73.066540305,9.261137311
-73.066250639,9.26089869
-73.065967993,9.260696914
-73.065666604,9.260532785
-73.065377207,9.260440776
-73.065105791,9.260436486
-73.064855193,9.260531257
-73.06461953,9.26070704
-73.064389393,9.260940478
-73.063797584,9.261616174
-73.063444632,9.261949912
-73.063080193,9.262211683
-73.062672054,9.262434798
-73.062227866,9.262615752
-73.061722583,9.262759003
-73.061192012,9.262857133
-73.060643534,9.262916379
-73.060083302,9.26294056
-73.059516688,9.26293126
-73.058937442,9.262886955
-73.058361414,9.262806183
-73.057793494,9.262685495
-73.057238938,9.262518901
-73.056695394,9.262297461
-73.056173425,9.26202773
-73.055668744,9.261713862
-73.055181683,9.261374402
-73.054235158,9.260686674
-73.053764286,9.260372659
-73.053333775,9.260129952
-73.052913691,9.259954259
-73.052475951,9.259828274
-73.052025527,9.259750943
-73.051472801,9.259722444
-73.05091632,9.259762024
-73.050363925,9.259870006
-73.049817784,9.260048373
-73.049283141,9.260282715
-73.048759807,9.260558471
-73.046819634,9.261740613
-73.045465456,9.262477359
-73.045110495,9.262700877
-73.044780383,9.262949163
-73.044400368,9.263321066
-73.044082487,9.263748063
-73.0438574,9.264167357
-73.04367473,9.264617958
-73.043522783,9.265091456
-73.043043955,9.266945564
-73.042868859,9.267506582
-73.042654454,9.268052859
-73.042362551,9.268626903
-73.042021673,9.269180243
-73.041646679,9.269718595
-73.040419258,9.27133863
-73.040096814,9.271807436
-73.039796777,9.272289248
-73.0395233,9.272784147
-73.039281951,9.273292946
-73.039079911,9.273817087
-73.038909556,9.274408607
-73.038780107,9.275015264
-73.038676926,9.275631998
-73.03849762,9.276877933
-73.038396708,9.277498638
-73.038267074,9.278133095
-73.038101308,9.278753993
-73.037887343,9.279354702
-73.037638103,9.279884116
-73.037341068,9.280389025
-73.036999521,9.280867449
-73.036611317,9.281323389
-73.036190243,9.281756281
-73.035746355,9.28217238
-73.035288101,9.282576459
-73.03429108,9.283415674
-73.032772105,9.284649759
-73.032306357,9.284988725
-73.031852998,9.285256222
-73.031409934,9.285418593
-73.030973811,9.285438561
-73.030685073,9.285354225
-73.030422189,9.285193593
-73.030189399,9.284963432
-73.02998189,9.284680397
-73.029790257,9.284360733
-73.029395734,9.283625603
-73.029174644,9.283240854
-73.02893273,9.282884307
-73.028643963,9.282558465
-73.028322305,9.282308967
-73.027969051,9.282155448
-73.027602439,9.282106572
-73.027240901,9.282169564
-73.026941734,9.282319712
-73.026652708,9.282542879
-73.026355882,9.282833359
-73.026060215,9.283168188
-73.025763787,9.283534849
-73.025075493,9.284430413
-73.02466617,9.284936876
-73.024222897,9.285422375
-73.023812141,9.285805002
-73.023372515,9.286162072
-73.022909567,9.286496696
-73.022427408,9.28681089
-73.021929024,9.287105649
-73.021374306,9.287403375
-73.020806585,9.287682125
-73.020228543,9.287944448
-73.019641995,9.288191717
-73.018541553,9.288613146
-73.015432603,9.289683022
-73.014800268,9.289913199
-73.013120915,9.290553228
-73.012556583,9.290744207
-73.011984447,9.290905374
-73.011440248,9.291019127
-73.010887991,9.291096439
-73.010329639,9.291137331
-73.009767148,9.291139755
-73.009163532,9.291096568
-73.008560996,9.291006516
-73.007963689,9.290868792
-73.007353799,9.290671624
-73.006762888,9.290414806
-73.006134857,9.290051948
-73.005552642,9.289615454
-73.005149203,9.289246069
-73.004771095,9.288859151
-73.003927607,9.287960963
-73.003548296,9.287605192
-73.0033935,9.287489793
-73.003283363,9.287441403
-73.003235519,9.28746452
-73.003382804,9.287082864
-73.003535572,9.286622815
-73.003694959,9.286086826
-73.004202347,9.284241157
-73.004568251,9.282993144
-73.004763516,9.282376111
-73.005442139,9.280366924
-73.005642278,9.279721062
-73.005809849,9.279086255
-73.005928253,9.278488316
-73.005997112,9.277904225
-73.006006904,9.27733851
-73.00597031,9.276941894
-73.005893646,9.276561222
-73.005747791,9.276135165
-73.005542713,9.275742773
-73.005292246,9.27540713
-73.0052805,9.275391382
-73.004966717,9.275082415
-73.004606893,9.274819452
-73.004071419,9.274547911
-73.003481321,9.274352355
-73.002870489,9.274225547
-73.00223341,9.274146017
-73.001578865,9.274100387
-73.001060886,9.274081099
-72.999531295,9.274048001
-72.999049075,9.274027704
-72.998571546,9.273994079
-72.998030869,9.273931939
-72.99750339,9.273837491
-72.99700865,9.273708254
-72.996535072,9.273539693
-72.996088031,9.273329178
-72.995549426,9.272984345
-72.995075485,9.272568587
-72.994678841,9.272085837
-72.994453528,9.271705567
-72.994272443,9.271297531
-72.994133703,9.270866904
-72.994033745,9.27040492
-72.993972074,9.269928223
-72.993943988,9.269440825
-72.993951674,9.268799809
-72.994001128,9.268152383
-72.994086542,9.267503619
-72.994199974,9.266883495
-72.994343731,9.266270489
-72.9945197,9.265668965
-72.994732172,9.265083956
-72.99497883,9.264532241
-72.995257475,9.264003052
-72.99556046,9.263498592
-72.996133058,9.262634242
-72.996389597,9.262208052
-72.996596599,9.261770868
-72.996720704,9.261372478
-72.996788544,9.260962292
-72.99679769,9.260499574
-72.996738674,9.260035716
-72.996601221,9.259541241
-72.996399011,9.259055857
-72.996102314,9.258513846
-72.995749176,9.257991512
-72.995348234,9.257494746
-72.995012391,9.257137186
-72.994652374,9.256803223
-72.99426819,9.256497873
-72.9938071,9.256196224
-72.993315214,9.255945143
-72.992871398,9.255775055
-72.992409896,9.255641155
-72.991937974,9.255537634
-72.991456757,9.255456481
-72.990987855,9.255393227
-72.989453081,9.255223049
-72.988872486,9.255145258
-72.988361326,9.255054733
-72.987872972,9.254935596
-72.987369942,9.254758334
-72.986918105,9.254519753
-72.986536135,9.25421378
-72.98622239,9.253844854
-72.985983241,9.253422191
-72.985820855,9.252936764
-72.985736053,9.252414427
-72.985720088,9.251866678
-72.985757348,9.251378374
-72.98583483,9.250882343
-72.98594625,9.250382168
-72.986087261,9.249880968
-72.986280714,9.249309661
-72.986502749,9.248743239
-72.986748801,9.248184158
-72.987016024,9.247634942
-72.987896621,9.245976965
-72.98815242,9.245421496
-72.988358205,9.244853376
-72.988502068,9.244247642
-72.98858552,9.243625469
-72.988621514,9.242991115
-72.988619761,9.242347962
-72.988590029,9.241727353
-72.988541201,9.241102439
-72.988420454,9.239898042
-72.98828439,9.238742602
-72.987925555,9.236266468
-72.987850282,9.235635088
-72.987800248,9.235004489
-72.987784529,9.234348495
-72.987805288,9.233696253
-72.987861394,9.233050885
-72.987954622,9.232416394
-72.988072128,9.231861899
-72.988221132,9.231323676
-72.98840172,9.230806389
-72.988616156,9.230316192
-72.988869044,9.229861078
-72.989121552,9.229507113
-72.989414625,9.229194463
-72.989804173,9.228896642
-72.990243743,9.22865432
-72.990701915,9.228464892
-72.991185508,9.22830591
-72.99270353,9.227896098
-72.993207298,9.22774146
-72.99369757,9.22755592
-72.994194965,9.227313896
-72.994666801,9.227029409
-72.995169347,9.226661695
-72.995626175,9.226252035
-72.996024081,9.225802132
-72.99634478,9.225310962
-72.996549508,9.224841992
-72.996682063,9.224350428
-72.996745273,9.223847823
-72.996733873,9.223284173
-72.996638571,9.222737397
-72.996458171,9.222225798
-72.99621614,9.221805001
-72.995910037,9.221440004
-72.995549241,9.22114307
-72.995139364,9.220930724
-72.994683973,9.220818235
-72.994197658,9.220803067
-72.993603487,9.220897336
-72.992991797,9.221079612
-72.992365976,9.221316215
-72.991899123,9.221508984
-72.989860271,9.222410609
-72.989220325,9.222644958
-72.988851363,9.222749478
-72.988479809,9.222829243
-72.98791606,9.22289969
-72.987354779,9.222910318
-72.986752291,9.222851789
-72.986168269,9.222712937
-72.985659935,9.222510773
-72.985173592,9.222245355
-72.984709249,9.221926784
-72.98421409,9.221515543
-72.983742368,9.221060499
-72.983289968,9.220572725
-72.982650434,9.219811987
-72.981580132,9.218454446
-72.981192753,9.217979156
-72.980817375,9.217544663
-72.980428419,9.217125369
-72.980023523,9.216725111
-72.979500066,9.216263882
-72.978950326,9.215839718
-72.978545635,9.215563529
-72.978128469,9.215309196
-72.977698709,9.215079022
-72.97721694,9.214858928
-72.976721685,9.214670577
-72.976201995,9.21450951
-72.975673807,9.214374728
-72.975140861,9.214259579
-72.973462014,9.213933892
-72.972988597,9.213817778
-72.972530572,9.213678097
-72.972093148,9.213506594
-72.971662048,9.213283988
-72.97126524,9.213016349
-72.970909067,9.212702292
-72.970591128,9.212330222
-72.970318054,9.211915562
-72.970085314,9.211466348
-72.969890047,9.210992824
-72.969721753,9.2104985
-72.969571571,9.209989253
-72.969133586,9.208336918
-72.968974224,9.207784935
-72.968807547,9.207271349
-72.968621773,9.206765014
-72.968414537,9.206268141
-72.968182582,9.205783269
-72.967859057,9.205202539
-72.96750431,9.204638356
-72.966400582,9.203046104
-72.966048203,9.202520823
-72.965718557,9.201983703
-72.965439285,9.201464651
-72.965190463,9.200931204
-72.964973174,9.200384672
-72.964790321,9.199825568
-72.964643477,9.199250751
-72.96452831,9.198665972
-72.964438519,9.198073662
-72.964369387,9.197475694
-72.964316963,9.196876101
-72.964199396,9.195064822
-72.964097435,9.193856667
-72.964011834,9.193171856
-72.963906745,9.192489444
-72.963785543,9.191809503
-72.963501544,9.190458606
-72.963338772,9.189789489
-72.963159785,9.189126666
-72.962960807,9.188472528
-72.96273616,9.187830426
-72.962477895,9.187204857
-72.962237446,9.186711082
-72.961971786,9.186231635
-72.961683671,9.185766807
-72.961313649,9.185236368
-72.960907961,9.184735215
-72.960555055,9.184360312
-72.960181915,9.184004259
-72.959795736,9.183662211
-72.95849864,9.182555412
-72.958168191,9.182240813
-72.95785035,9.181894658
-72.957574614,9.181528375
-72.957362424,9.181160098
-72.957201561,9.180772515
-72.957085566,9.18032132
-72.957032839,9.179857259
-72.957042498,9.179354769
-72.957118415,9.178853248
-72.957262157,9.178360571
-72.957525738,9.177789315
-72.957870911,9.177241652
-72.958280153,9.176718042
-72.958668581,9.176291229
-72.959081874,9.175876337
-72.960363319,9.174639981
-72.960753131,9.174231231
-72.961123384,9.173808504
-72.961468146,9.173369463
-72.961843271,9.172812853
-72.962167023,9.17223002
-72.962432224,9.171621356
-72.962611018,9.171068677
-72.96274965,9.170500021
-72.96285894,9.169919347
-72.963024412,9.168733812
-72.963341306,9.166064253
-72.963482261,9.165034255
-72.96359316,9.164350912
-72.96384157,9.162989546
-72.964097764,9.161668794
-72.96423563,9.161016284
-72.964515938,9.159862884
-72.96467437,9.159305262
-72.964867845,9.158718661
-72.965100915,9.158164399
-72.965339568,9.157734232
-72.965617155,9.157337618
-72.965930276,9.156978428
-72.966277531,9.156662574
-72.966726619,9.156360565
-72.967185238,9.156155035
-72.967678962,9.156005171
-72.968198108,9.155893122
-72.969579188,9.155668928
-72.970148467,9.155562501
-72.970765479,9.155413843
-72.971412609,9.155206343
-72.972054405,9.154962572
-72.972638911,9.154723555
-72.973804397,9.154206482
-72.974381046,9.153926908
-72.97495028,9.153630394
-72.97550907,9.153313195
-72.976072826,9.152961243
-72.976626989,9.152590778
-72.977664256,9.151861074
-72.979829682,9.150276678
-72.980940284,9.14941399
-72.982213638,9.148355645
-72.982721084,9.147955531
-72.983236752,9.147575561
-72.983760198,9.147221416
-72.984908638,9.146520415
-72.985439387,9.14616638
-72.985823208,9.145856506
-72.986131557,9.145538865
-72.986150003,9.145519866
-72.986257998,9.145380831
-72.986482654,9.144993955
-72.98661715,9.144586277
-72.986652555,9.144122783
-72.986560876,9.143671305
-72.98631763,9.143226097
-72.985967655,9.142849642
-72.985529428,9.142511613
-72.985164408,9.142282353
-72.984773424,9.142063415
-72.983116075,9.141200332
-72.982523054,9.140875185
-72.981299905,9.140171487
-72.978778264,9.138689672
-72.976291531,9.137298765
-72.97507672,9.136599381
-72.974486698,9.136240601
-72.973909826,9.135870725
-72.973350791,9.135485792
-72.972815964,9.135080311
-72.972313786,9.13464698
-72.971855334,9.134176171
-72.971557714,9.13380921
-72.971281419,9.133422767
-72.971018613,9.13302238
-72.970158226,9.131630566
-72.969564938,9.130715032
-72.967291839,9.127413103
-72.96691667,9.126842269
-72.966554334,9.126264045
-72.966209415,9.125675895
-72.96592721,9.125156135
-72.965657383,9.124629285
-72.964635596,9.12253034
-72.964137379,9.121537585
-72.962533915,9.118499379
-72.961389817,9.116166765
-72.961096279,9.11558912
-72.960789827,9.115019607
-72.960464096,9.114462143
-72.960081441,9.113872879
-72.959672368,9.113300892
-72.958996417,9.112445108
-72.958297561,9.111637675
-72.957943585,9.111254319
-72.957580136,9.110880372
-72.957207597,9.110519316
-72.95682408,9.110170645
-72.956429105,9.109835845
-72.955872865,9.109406013
-72.955294852,9.109007527
-72.954749526,9.10867428
-72.954188646,9.108369837
-72.953614157,9.108095359
-72.953179087,9.107911948
-72.952738995,9.107745779
-72.952295627,9.107596406
-72.950772705,9.107150459
-72.950195554,9.106950532
-72.949656624,9.106703005
-72.949288915,9.106474389
-72.948954172,9.106208709
-72.948655991,9.105909018
-72.948364442,9.105527455
-72.948128557,9.10511236
-72.947952282,9.104670756
-72.947842994,9.104208166
-72.947807902,9.103709051
-72.947847853,9.103200883
-72.947957412,9.102691976
-72.94817156,9.102102122
-72.948408925,9.101630206
-72.948686046,9.101167929
-72.949537168,9.099902438
-72.949867023,9.099372978
-72.950155799,9.09883288
-72.95038359,9.098280775
-72.950501435,9.097859749
-72.950569492,9.097434733
-72.95058354,9.09700948
-72.950534603,9.096556524
-72.950425433,9.096110632
-72.950262613,9.095675183
-72.949992723,9.095152382
-72.949660143,9.094653701
-72.949274274,9.094182868
-72.9488716,9.09377271
-72.94843438,9.093392153
-72.947967485,9.093043458
-72.947473467,9.092730973
-72.94695269,9.092461393
-72.946541151,9.092289685
-72.946116914,9.092141199
-72.946067111,9.092126639
-72.94545039,9.091946292
-72.944769754,9.091774591
-72.943744659,9.091537977
-72.94209845,9.091187044
-72.941556869,9.091062645
-72.940967636,9.09091142
-72.940392601,9.09073955
-72.939789263,9.090519971
-72.939217789,9.090253687
-72.938881183,9.090056785
-72.938563629,9.08983399
-72.938078036,9.089401458
-72.937648519,9.08890607
-72.937265923,9.088352922
-72.936923405,9.087765281
-72.936275721,9.086544307
-72.935987874,9.08606149
-72.935674509,9.085602135
-72.935331679,9.085175357
-72.934907077,9.084748101
-72.934438686,9.084388224
-72.93407309,9.084178568
-72.933687326,9.084012902
-72.933284681,9.083892943
-72.932834,9.083816545
-72.932371521,9.083790969
-72.931901471,9.083811973
-72.931266271,9.083904683
-72.930624309,9.084048961
-72.929605001,9.084335248
-72.929094057,9.084500848
-72.928585095,9.084681554
-72.927710467,9.085033876
-72.927254009,9.085239021
-72.925907796,9.085880035
-72.92503436,9.086319126
-72.924453187,9.0866475
-72.923890165,9.087000525
-72.923348347,9.087377733
-72.922832616,9.087780812
-72.922349982,9.088213522
-72.921972649,9.08860697
-72.921627696,9.08902383
-72.921318456,9.089462982
-72.921051513,9.089913429
-72.920843253,9.090310354
-72.920450657,9.091105901
-72.920168782,9.091637902
-72.919853711,9.092133232
-72.91957265,9.092480338
-72.91925532,9.092786026
-72.918918585,9.093032219
-72.918551584,9.093234554
-72.917989248,9.093454467
-72.917579126,9.093579018
-72.917154578,9.093691514
-72.915586195,9.09407057
-72.914336524,9.094420929
-72.913707744,9.09461204
-72.913084608,9.094818521
-72.912570669,9.095010972
-72.912067975,9.095227563
-72.911460186,9.095535638
-72.909780969,9.096498838
-72.909278253,9.096764447
-72.908699795,9.09703163
-72.908106424,9.097259237
-72.907497932,9.097439892
-72.906890336,9.097565342
-72.906271102,9.097650675
-72.905643285,9.097707729
-72.902492056,9.097868095
-72.901393636,9.097945992
-72.90081834,9.097998107
-72.900251502,9.098063973
-72.899696373,9.098151019
-72.899088838,9.098284888
-72.898508589,9.098467164
-72.8981399,9.098622786
-72.897790873,9.098810518
-72.897306117,9.099158922
-72.896864528,9.09957019
-72.896543676,9.099922799
-72.89561884,9.101067603
-72.895292191,9.101452507
-72.894948153,9.101811624
-72.894604683,9.102111127
-72.894232852,9.102367039
-72.893710217,9.102620903
-72.893145584,9.102803763
-72.892653131,9.102913208
-72.892145478,9.102994099
-72.891695773,9.103048255
-72.890260963,9.103197003
-72.889742553,9.103271752
-72.889234851,9.103373643
-72.888743475,9.103514549
-72.888199958,9.103740498
-72.887691872,9.104031526
-72.887226367,9.104385488
-72.886842107,9.104765415
-72.886497025,9.105189344
-72.886188207,9.10564898
-72.885917823,9.106130154
-72.8856767,9.10663302
-72.885461493,9.10715197
-72.885270803,9.107682618
-72.885129565,9.108137581
-72.88501033,9.108598067
-72.884890298,9.109231517
-72.884819603,9.109869908
-72.88479978,9.110449804
-72.884824161,9.111026384
-72.884904657,9.11164473
-72.88503034,9.112210456
-72.885191768,9.112765207
-72.885568552,9.113945422
-72.885690161,9.114454483
-72.885774992,9.114972459
-72.885825855,9.115641587
-72.885813407,9.116315747
-72.88577152,9.116759641
-72.885708024,9.117203512
-72.885422273,9.11874493
-72.88523377,9.119873898
-72.885070904,9.121018008
-72.884850978,9.12277164
-72.884769703,9.123324361
-72.884571067,9.124424511
-72.884432937,9.125041255
-72.884276055,9.125653329
-72.884100786,9.126259864
-72.883906183,9.126859415
-72.883490874,9.127979272
-72.8830423,9.129119279
-72.882807155,9.129676994
-72.882602514,9.130125701
-72.882382364,9.130559549
-72.882048633,9.131117258
-72.881671853,9.13162732
-72.881373668,9.131954294
-72.881046933,9.132242299
-72.880664228,9.132498949
-72.880250858,9.132705481
-72.879722116,9.132890569
-72.879167223,9.133007844
-72.878766254,9.133049007
-72.878358768,9.133057661
-72.87784133,9.1330247
-72.877321541,9.132945609
-72.876755969,9.132810237
-72.876192697,9.132633529
-72.875632208,9.132425147
-72.875074914,9.132192429
-72.874560882,9.131960415
-72.873533899,9.131477436
-72.872220551,9.130883373
-72.870989953,9.130366972
-72.870417875,9.130146637
-72.869841342,9.129944599
-72.869322926,9.129784294
-72.868800152,9.129643461
-72.868273401,9.129522844
-72.867742798,9.129424188
-72.867045632,9.129330177
-72.866343692,9.129268265
-72.865638437,9.129231157
-72.864930921,9.129213868
-72.863740058,9.129221526
-72.861663541,9.129300449
-72.859108592,9.129443984
-72.857697229,9.129565221
-72.855584586,9.129802306
-72.853698256,9.130064706
-72.851513087,9.130406462
-72.850409335,9.130531386
-72.849857038,9.130572026
-72.849305164,9.13059538
-72.84872058,9.130598291
-72.848138251,9.130576956
-72.84755946,9.130528676
-72.847016738,9.130455078
-72.846479883,9.130352956
-72.845950526,9.130220232
-72.845295219,9.130006634
-72.844653843,9.12974866
-72.844026275,9.129452863
-72.843413668,9.12912219
-72.842863362,9.128787562
-72.842325889,9.128428872
-72.841800174,9.128050023
-72.841286056,9.127653213
-72.840784203,9.127239227
-72.840371729,9.126878199
-72.839157718,9.125764957
-72.838339715,9.125034692
-72.83792088,9.124682856
-72.83745989,9.124320255
-72.836985104,9.123977464
-72.836530648,9.123679798
-72.836064588,9.12339951
-72.835589053,9.123133715
-72.835105709,9.122880342
-72.834511715,9.122588852
-72.833908375,9.122315511
-72.833295275,9.122063881
-72.83270626,9.121849627
-72.832109136,9.121657972
-72.831505135,9.121489042
-72.830895009,9.121344787
-72.830279238,9.121229224
-72.829639483,9.121144125
-72.828996349,9.121089753
-72.82835223,9.121062394
-72.827709752,9.121060799
-72.827071927,9.121086234
-72.826491673,9.121136441
-72.825922199,9.121215286
-72.825368184,9.121327423
-72.824896983,9.12145914
-72.824447263,9.121626469
-72.824025138,9.121835453
-72.823582458,9.122133172
-72.823188933,9.122487843
-72.822850583,9.122894333
-72.82262826,9.123247596
-72.822443565,9.123626255
-72.822285091,9.124058012
-72.822166794,9.124508932
-72.822075774,9.125067986
-72.82203696,9.125641306
-72.822048863,9.126220794
-72.822110371,9.126803997
-72.822221905,9.127397854
-72.822369196,9.127992438
-72.822700196,9.12911778
-72.823312759,9.131015027
-72.823517075,9.131685111
-72.823701589,9.132359101
-72.823855699,9.133038286
-72.823955317,9.133617335
-72.824029329,9.134199437
-72.824081486,9.134782829
-72.824114239,9.135365541
-72.824128371,9.135917791
-72.824125609,9.136464934
-72.824104572,9.137004001
-72.824067787,9.137479145
-72.824011107,9.13794126
-72.823927054,9.138402167
-72.823811589,9.138838599
-72.823657423,9.139243265
-72.823475841,9.139578696
-72.823253582,9.139872997
-72.822940474,9.140156314
-72.822578478,9.140365823
-72.82225877,9.140476401
-72.821919222,9.140538323
-72.821470763,9.140552161
-72.82101027,9.140500371
-72.820547095,9.140386851
-72.820090135,9.140211983
-72.819575243,9.139933009
-72.819076577,9.139590543
-72.818590575,9.139203428
-72.816890851,9.137702538
-72.816389405,9.137298962
-72.815868867,9.136924732
-72.815310697,9.136579908
-72.814733083,9.136272501
-72.81326128,9.135588988
-72.812704914,9.135301279
-72.812167926,9.134981762
-72.81165816,9.134623176
-72.811220927,9.134254855
-72.810810492,9.133853066
-72.810424158,9.133423481
-72.81006093,9.132970145
-72.809650963,9.132394159
-72.80926855,9.131796403
-72.808909705,9.131184073
-72.808573572,9.130562796
-72.808297882,9.130008611
-72.808052079,9.129449793
-72.80784917,9.128884828
-72.8077145,9.128370087
-72.807630002,9.127853303
-72.807600679,9.12733898
-72.807637039,9.126800853
-72.807746486,9.126278863
-72.807958659,9.125720711
-72.808250757,9.125199329
-72.808608455,9.124722407
-72.809022301,9.124300957
-72.809368114,9.124022826
-72.810429791,9.123270999
-72.810743677,9.123008307
-72.811014267,9.122728917
-72.811225855,9.122432267
-72.811371555,9.122123341
-72.81144193,9.12181119
-72.811417207,9.121448533
-72.811284435,9.121113528
-72.811053974,9.120827185
-72.810727713,9.120606945
-72.81032695,9.120468596
-72.809976047,9.120421505
-72.809597563,9.120418449
-72.809197103,9.120449077
-72.808774114,9.120506119
-72.8083385,9.120585805
-72.807894761,9.120686454
-72.807473664,9.120799227
-72.807051432,9.120928019
-72.806037437,9.121273412
-72.805518876,9.121437021
-72.804992754,9.121582072
-72.804460464,9.121702916
-72.803985131,9.121785158
-72.803507452,9.121842263
-72.80302904,9.121872341
-72.80242052,9.121869635
-72.801816669,9.121826547
-72.801228758,9.121752102
-72.799086912,9.121393935
-72.798622421,9.121304901
-72.798162732,9.121195094
-72.797754262,9.12105814
-72.7974137,9.120879592
-72.797204728,9.120700513
-72.797057176,9.120491894
-72.796971626,9.120240608
-72.796954864,9.119975438
-72.796990211,9.119719357
-72.797119578,9.11916096
-72.797169358,9.118837518
-72.797194994,9.118486535
-72.797192155,9.11811507
-72.797143636,9.117605941
-72.796981249,9.116523465
-72.79692535,9.116050009
-72.796888509,9.115565787
-72.796875685,9.115074142
-72.796898098,9.11448506
-72.796963987,9.113894978
-72.797076964,9.113308997
-72.797228288,9.112761319
-72.797779123,9.111121685
-72.797941185,9.110547781
-72.79807191,9.109966098
-72.798165521,9.109379536
-72.798214548,9.108817975
-72.798223103,9.10825876
-72.798189462,9.107706525
-72.798109403,9.107166637
-72.797967701,9.106612226
-72.79776807,9.106086714
-72.797509373,9.105599946
-72.797228084,9.105208921
-72.796903162,9.104862707
-72.796539282,9.104567878
-72.796154864,9.104339241
-72.795744846,9.104168732
-72.795316092,9.10406069
-72.794825031,9.104019095
-72.794328856,9.104055175
-72.793837802,9.104164847
-72.793362089,9.104348642
-72.792936545,9.104589393
-72.792529966,9.10488448
-72.792139086,9.105221415
-72.791661137,9.105696872
-72.791208577,9.106215406
-72.790856665,9.106673075
-72.79052519,9.107152269
-72.790214154,9.107649557
-72.789871753,9.108260323
-72.789557217,9.108888123
-72.789325715,9.109395939
-72.78845432,9.111440066
-72.788215964,9.111937176
-72.787938977,9.112438194
-72.78763155,9.112909711
-72.78728976,9.113344291
-72.786907773,9.113732288
-72.786497442,9.114052632
-72.786049039,9.114320046
-72.785640572,9.114506886
-72.785212435,9.114660237
-72.784768463,9.114784469
-72.784246854,9.114895463
-72.783713032,9.114980794
-72.783060321,9.115057951
-72.782400349,9.115112553
-72.78173775,9.115147078
-72.78113281,9.115161446
-72.780533122,9.115159671
-72.779971058,9.115141222
-72.779421533,9.11509991
-72.778889456,9.115026615
-72.778380951,9.114909983
-72.777903662,9.11473594
-72.777393978,9.1144455
-72.776936762,9.114075919
-72.776533024,9.113644407
-72.776188376,9.113163053
-72.775913487,9.112639483
-72.775724604,9.11207752
-72.775639865,9.111545604
-72.775619992,9.110991534
-72.775647217,9.110421842
-72.775693724,9.109949335
-72.775941939,9.108147037
-72.775996676,9.107627708
-72.776020785,9.107158916
-72.776016542,9.106698835
-72.775962622,9.10610482
-72.7758484,9.10554737
-72.775698624,9.105115542
-72.775495296,9.104733084
-72.775199274,9.104379489
-72.774836241,9.104121244
-72.774492835,9.103991357
-72.774119021,9.103932405
-72.773725192,9.103939609
-72.773322865,9.104008733
-72.772916778,9.104131722
-72.772513239,9.104301209
-72.772041415,9.104552298
-72.771100632,9.105111096
-72.770571335,9.105386783
-72.77003399,9.105611814
-72.76949662,9.105765729
-72.76896756,9.105823017
-72.768552958,9.105781061
-72.768158517,9.105658996
-72.767793221,9.105460638
-72.767457861,9.105196624
-72.767153954,9.104877558
-72.76688451,9.104511223
-72.766623329,9.104050721
-72.76639191,9.103552431
-72.765804961,9.102148615
-72.783909285,9.30152632
