"Ync","rank 1",4500
-75.80416,2.92361
-75.80416,2.92392
-75.80416,2.92329
-75.80416,2.92298
-75.80416,2.92267
-75.80416,2.92235
-75.80416,2.92204
-75.80417,2.92172
-75.80417,2.92141
-75.80417,2.92110
-75.80418,2.92078
-75.80418,2.92047
-75.80419,2.92016
-75.80419,2.91984
-75.80420,2.91953
-75.80421,2.91922
-75.80421,2.91890
-75.80422,2.91859
-75.80423,2.91827
-75.80424,2.91796
-75.80424,2.91765
-75.80425,2.91733
-75.80426,2.91702
-75.80427,2.91671
-75.80428,2.91639
-75.80429,2.91608
-75.80430,2.91577
-75.80432,2.91545
-75.80433,2.91514
-75.80434,2.91483
-75.80435,2.91451
-75.80437,2.91420
-75.80438,2.91389
-75.80439,2.91357
-75.80441,2.91326
-75.80442,2.91295
-75.80444,2.91263
-75.80445,2.91232
-75.80447,2.91201
-75.80449,2.91169
-75.80450,2.91138
-75.80452,2.91107
-75.80454,2.91075
-75.80456,2.91044
-75.80458,2.91013
-75.80460,2.90982
-75.80462,2.90950
-75.80464,2.90919
-75.80466,2.90888
-75.80468,2.90856
-75.80470,2.90825
-75.80472,2.90794
-75.80474,2.90762
-75.80477,2.90731
-75.80479,2.90700
-75.80481,2.90669
-75.80484,2.90637
-75.80486,2.90606
-75.80489,2.90575
-75.80491,2.90544
-75.80494,2.90512
-75.80496,2.90481
-75.80499,2.90450
-75.80502,2.90419
-75.80505,2.90387
-75.80507,2.90356
-75.80510,2.90325
-75.80513,2.90294
-75.80516,2.90262
-75.80519,2.90231
-75.80522,2.90200
-75.80525,2.90169
-75.80528,2.90137
-75.80531,2.90106
-75.80534,2.90075
-75.80538,2.90044
-75.80541,2.90013
-75.80544,2.89981
-75.80548,2.89950
-75.80551,2.89919
-75.80554,2.89888
-75.80558,2.89857
-75.80561,2.89826
-75.80565,2.89794
-75.80569,2.89763
-75.80572,2.89732
-75.80576,2.89701
-75.80580,2.89670
-75.80584,2.89639
-75.80587,2.89608
-75.80591,2.89576
-75.80595,2.89545
-75.80599,2.89514
-75.80603,2.89483
-75.80607,2.89452
-75.80611,2.89421
-75.80615,2.89390
-75.80619,2.89359
-75.80624,2.89328
-75.80628,2.89296
-75.80632,2.89265
-75.80637,2.89234
-75.80641,2.89203
-75.80645,2.89172
-75.80650,2.89141
-75.80654,2.89110
-75.80659,2.89079
-75.80664,2.89048
-75.80668,2.89017
-75.80673,2.88986
-75.80678,2.88955
-75.80682,2.88924
-75.80687,2.88893
-75.80692,2.88862
-75.80697,2.88831
-75.80702,2.88800
-75.80707,2.88769
-75.80712,2.88738
-75.80717,2.88707
-75.80722,2.88676
-75.80727,2.88645
-75.80732,2.88614
-75.80738,2.88583
-75.80743,2.88552
-75.80748,2.88522
-75.80754,2.88491
-75.80759,2.88460
-75.80765,2.88429
-75.80770,2.88398
-75.80776,2.88367
-75.80781,2.88336
-75.80787,2.88305
-75.80792,2.88275
-75.80798,2.88244
-75.80804,2.88213
-75.80810,2.88182
-75.80816,2.88151
-75.80821,2.88120
-75.80827,2.88090
-75.80833,2.88059
-75.80839,2.88028
-75.80845,2.87997
-75.80851,2.87966
-75.80858,2.87936
-75.80864,2.87905
-75.80870,2.87874
-75.80876,2.87843
-75.80883,2.87813
-75.80889,2.87782
-75.80895,2.87751
-75.80902,2.87720
-75.80908,2.87690
-75.80915,2.87659
-75.80921,2.87628
-75.80928,2.87598
-75.80935,2.87567
-75.80941,2.87536
-75.80948,2.87506
-75.80955,2.87475
-75.80962,2.87445
-75.80968,2.87414
-75.80975,2.87383
-75.80982,2.87353
-75.80989,2.87322
-75.80996,2.87292
-75.81003,2.87261
-75.81010,2.87230
-75.81018,2.87200
-75.81025,2.87169
-75.81032,2.87139
-75.81039,2.87108
-75.81047,2.87078
-75.81054,2.87047
-75.81061,2.87017
-75.81069,2.86986
-75.81076,2.86956
-75.81084,2.86925
-75.81091,2.86895
-75.81099,2.86864
-75.81107,2.86834
-75.81114,2.86804
-75.81122,2.86773
-75.81130,2.86743
-75.81138,2.86712
-75.81146,2.86682
-75.81154,2.86652
-75.81162,2.86621
-75.81170,2.86591
-75.81178,2.86561
-75.81186,2.86530
-75.81194,2.86500
-75.81202,2.86470
-75.81210,2.86439
-75.81218,2.86409
-75.81227,2.86379
-75.81235,2.86349
-75.81243,2.86318
-75.81252,2.86288
-75.81260,2.86258
-75.81269,2.86228
-75.81277,2.86198
-75.81286,2.86167
-75.81295,2.86137
-75.81303,2.86107
-75.81312,2.86077
-75.81321,2.86047
-75.81329,2.86017
-75.81338,2.85986
-75.81347,2.85956
-75.81356,2.85926
-75.81365,2.85896
-75.81374,2.85866
-75.81383,2.85836
-75.81392,2.85806
-75.81401,2.85776
-75.81410,2.85746
-75.81420,2.85716
-75.81429,2.85686
-75.81438,2.85656
-75.81447,2.85626
-75.81457,2.85596
-75.81466,2.85566
-75.81476,2.85536
-75.81485,2.85506
-75.81495,2.85476
-75.81504,2.85446
-75.81514,2.85417
-75.81524,2.85387
-75.81533,2.85357
-75.81543,2.85327
-75.81553,2.85297
-75.81563,2.85267
-75.81573,2.85238
-75.81582,2.85208
-75.81592,2.85178
-75.81602,2.85148
-75.81612,2.85119
-75.81623,2.85089
-75.81633,2.85059
-75.81643,2.85029
-75.81653,2.85000
-75.81663,2.84970
-75.81674,2.84940
-75.81684,2.84911
-75.81694,2.84881
-75.81705,2.84852
-75.81715,2.84822
-75.81726,2.84792
-75.81736,2.84763
-75.81747,2.84733
-75.81757,2.84704
-75.81768,2.84674
-75.81779,2.84645
-75.81789,2.84615
-75.81800,2.84586
-75.81811,2.84556
-75.81822,2.84527
-75.81833,2.84497
-75.81844,2.84468
-75.81855,2.84438
-75.81866,2.84409
-75.81877,2.84380
-75.81888,2.84350
-75.81899,2.84321
-75.81910,2.84292
-75.81921,2.84262
-75.81933,2.84233
-75.81944,2.84204
-75.81955,2.84174
-75.81967,2.84145
-75.81978,2.84116
-75.81989,2.84087
-75.82001,2.84057
-75.82013,2.84028
-75.82024,2.83999
-75.82036,2.83970
-75.82047,2.83941
-75.82059,2.83912
-75.82071,2.83882
-75.82083,2.83853
-75.82094,2.83824
-75.82106,2.83795
-75.82118,2.83766
-75.82130,2.83737
-75.82142,2.83708
-75.82154,2.83679
-75.82166,2.83650
-75.82178,2.83621
-75.82191,2.83592
-75.82203,2.83563
-75.82215,2.83534
-75.82227,2.83505
-75.82240,2.83476
-75.82252,2.83448
-75.82264,2.83419
-75.82277,2.83390
-75.82289,2.83361
-75.82302,2.83332
-75.82314,2.83304
-75.82327,2.83275
-75.82340,2.83246
-75.82352,2.83217
-75.82365,2.83189
-75.82378,2.83160
-75.82390,2.83131
-75.82403,2.83102
-75.82416,2.83074
-75.82429,2.83045
-75.82442,2.83017
-75.82455,2.82988
-75.82468,2.82959
-75.82481,2.82931
-75.82494,2.82902
-75.82507,2.82874
-75.82521,2.82845
-75.82534,2.82817
-75.82547,2.82788
-75.82560,2.82760
-75.82574,2.82731
-75.82587,2.82703
-75.82601,2.82675
-75.82614,2.82646
-75.82627,2.82618
-75.82641,2.82590
-75.82655,2.82561
-75.82668,2.82533
-75.82682,2.82505
-75.82696,2.82476
-75.82709,2.82448
-75.82723,2.82420
-75.82737,2.82392
-75.82751,2.82364
-75.82765,2.82335
-75.82779,2.82307
-75.82793,2.82279
-75.82807,2.82251
-75.82821,2.82223
-75.82835,2.82195
-75.82849,2.82167
-75.82863,2.82139
-75.82877,2.82111
-75.82892,2.82083
-75.82906,2.82055
-75.82920,2.82027
-75.82935,2.81999
-75.82949,2.81971
-75.82963,2.81943
-75.82978,2.81915
-75.82992,2.81887
-75.83007,2.81859
-75.83022,2.81832
-75.83036,2.81804
-75.83051,2.81776
-75.83066,2.81748
-75.83080,2.81720
-75.83095,2.81693
-75.83110,2.81665
-75.83125,2.81637
-75.83140,2.81610
-75.83155,2.81582
-75.83170,2.81554
-75.83185,2.81527
-75.83200,2.81499
-75.83215,2.81472
-75.83230,2.81444
-75.83245,2.81417
-75.83260,2.81389
-75.83276,2.81362
-75.83291,2.81334
-75.83306,2.81307
-75.83322,2.81279
-75.83337,2.81252
-75.83352,2.81225
-75.83368,2.81197
-75.83383,2.81170
-75.83399,2.81143
-75.83415,2.81115
-75.83430,2.81088
-75.83446,2.81061
-75.83462,2.81034
-75.83477,2.81006
-75.83493,2.80979
-75.83509,2.80952
-75.83525,2.80925
-75.83541,2.80898
-75.83557,2.80871
-75.83573,2.80844
-75.83589,2.80817
-75.83605,2.80790
-75.83621,2.80763
-75.83637,2.80736
-75.83653,2.80709
-75.83669,2.80682
-75.83686,2.80655
-75.83702,2.80628
-75.83718,2.80601
-75.83734,2.80574
-75.83751,2.80547
-75.83767,2.80521
-75.83784,2.80494
-75.83800,2.80467
-75.83817,2.80440
-75.83833,2.80414
-75.83850,2.80387
-75.83867,2.80360
-75.83883,2.80334
-75.83900,2.80307
-75.83917,2.80281
-75.83934,2.80254
-75.83950,2.80227
-75.83967,2.80201
-75.83984,2.80174
-75.84001,2.80148
-75.84018,2.80121
-75.84035,2.80095
-75.84052,2.80069
-75.84069,2.80042
-75.84086,2.80016
-75.84104,2.79990
-75.84121,2.79963
-75.84138,2.79937
-75.84155,2.79911
-75.84173,2.79884
-75.84190,2.79858
-75.84207,2.79832
-75.84225,2.79806
-75.84242,2.79780
-75.84260,2.79754
-75.84277,2.79727
-75.84295,2.79701
-75.84312,2.79675
-75.84330,2.79649
-75.84348,2.79623
-75.84365,2.79597
-75.84383,2.79571
-75.84401,2.79545
-75.84419,2.79520
-75.84437,2.79494
-75.84455,2.79468
-75.84473,2.79442
-75.84491,2.79416
-75.84509,2.79390
-75.84527,2.79365
-75.84545,2.79339
-75.84563,2.79313
-75.84581,2.79287
-75.84599,2.79262
-75.84617,2.79236
-75.84636,2.79211
-75.84654,2.79185
-75.84672,2.79159
-75.84691,2.79134
-75.84709,2.79108
-75.84727,2.79083
-75.84746,2.79057
-75.84764,2.79032
-75.84783,2.79007
-75.84801,2.78981
-75.84820,2.78956
-75.84839,2.78931
-75.84857,2.78905
-75.84876,2.78880
-75.84895,2.78855
-75.84914,2.78830
-75.84932,2.78804
-75.84951,2.78779
-75.84970,2.78754
-75.84989,2.78729
-75.85008,2.78704
-75.85027,2.78679
-75.85046,2.78654
-75.85065,2.78629
-75.85084,2.78604
-75.85103,2.78579
-75.85123,2.78554
-75.85142,2.78529
-75.85161,2.78504
-75.85180,2.78479
-75.85200,2.78454
-75.85219,2.78429
-75.85238,2.78405
-75.85258,2.78380
-75.85277,2.78355
-75.85297,2.78331
-75.85316,2.78306
-75.85336,2.78281
-75.85355,2.78257
-75.85375,2.78232
-75.85395,2.78207
-75.85414,2.78183
-75.85434,2.78158
-75.85454,2.78134
-75.85474,2.78109
-75.85494,2.78085
-75.85513,2.78061
-75.85533,2.78036
-75.85553,2.78012
-75.85573,2.77988
-75.85593,2.77963
-75.85613,2.77939
-75.85633,2.77915
-75.85653,2.77891
-75.85674,2.77866
-75.85694,2.77842
-75.85714,2.77818
-75.85734,2.77794
-75.85755,2.77770
-75.85775,2.77746
-75.85795,2.77722
-75.85816,2.77698
-75.85836,2.77674
-75.85856,2.77650
-75.85877,2.77626
-75.85897,2.77602
-75.85918,2.77578
-75.85938,2.77555
-75.85959,2.77531
-75.85980,2.77507
-75.86000,2.77483
-75.86021,2.77460
-75.86042,2.77436
-75.86063,2.77412
-75.86083,2.77389
-75.86104,2.77365
-75.86125,2.77342
-75.86146,2.77318
-75.86167,2.77295
-75.86188,2.77271
-75.86209,2.77248
-75.86230,2.77224
-75.86251,2.77201
-75.86272,2.77178
-75.86293,2.77154
-75.86315,2.77131
-75.86336,2.77108
-75.86357,2.77084
-75.86378,2.77061
-75.86400,2.77038
-75.86421,2.77015
-75.86442,2.76992
-75.86464,2.76969
-75.86485,2.76946
-75.86507,2.76923
-75.86528,2.76900
-75.86550,2.76877
-75.86571,2.76854
-75.86593,2.76831
-75.86614,2.76808
-75.86636,2.76785
-75.86658,2.76762
-75.86679,2.76740
-75.86701,2.76717
-75.86723,2.76694
-75.86745,2.76671
-75.86767,2.76649
-75.86789,2.76626
-75.86810,2.76603
-75.86832,2.76581
-75.86854,2.76558
-75.86876,2.76536
-75.86898,2.76513
-75.86920,2.76491
-75.86943,2.76468
-75.86965,2.76446
-75.86987,2.76424
-75.87009,2.76401
-75.87031,2.76379
-75.87054,2.76357
-75.87076,2.76335
-75.87098,2.76312
-75.87121,2.76290
-75.87143,2.76268
-75.87165,2.76246
-75.87188,2.76224
-75.87210,2.76202
-75.87233,2.76180
-75.87255,2.76158
-75.87278,2.76136
-75.87301,2.76114
-75.87323,2.76092
-75.87346,2.76070
-75.87369,2.76048
-75.87391,2.76026
-75.87414,2.76005
-75.87437,2.75983
-75.87460,2.75961
-75.87482,2.75940
-75.87505,2.75918
-75.87528,2.75896
-75.87551,2.75875
-75.87574,2.75853
-75.87597,2.75832
-75.87620,2.75810
-75.87643,2.75789
-75.87666,2.75767
-75.87689,2.75746
-75.87713,2.75724
-75.87736,2.75703
-75.87759,2.75682
-75.87782,2.75661
-75.87806,2.75639
-75.87829,2.75618
-75.87852,2.75597
-75.87876,2.75576
-75.87899,2.75555
-75.87922,2.75534
-75.87946,2.75513
-75.87969,2.75492
-75.87993,2.75471
-75.88016,2.75450
-75.88040,2.75429
-75.88063,2.75408
-75.88087,2.75387
-75.88111,2.75366
-75.88134,2.75346
-75.88158,2.75325
-75.88182,2.75304
-75.88206,2.75283
-75.88229,2.75263
-75.88253,2.75242
-75.88277,2.75222
-75.88301,2.75201
-75.88325,2.75181
-75.88349,2.75160
-75.88373,2.75140
-75.88397,2.75119
-75.88421,2.75099
-75.88445,2.75079
-75.88469,2.75058
-75.88493,2.75038
-75.88517,2.75018
-75.88542,2.74998
-75.88566,2.74977
-75.88590,2.74957
-75.88614,2.74937
-75.88639,2.74917
-75.88663,2.74897
-75.88687,2.74877
-75.88712,2.74857
-75.88736,2.74837
-75.88760,2.74817
-75.88785,2.74797
-75.88809,2.74777
-75.88834,2.74758
-75.88858,2.74738
-75.88883,2.74718
-75.88908,2.74698
-75.88932,2.74679
-75.88957,2.74659
-75.88982,2.74640
-75.89006,2.74620
-75.89031,2.74601
-75.89056,2.74581
-75.89081,2.74562
-75.89105,2.74542
-75.89130,2.74523
-75.89155,2.74503
-75.89180,2.74484
-75.89205,2.74465
-75.89230,2.74446
-75.89255,2.74426
-75.89280,2.74407
-75.89305,2.74388
-75.89330,2.74369
-75.89355,2.74350
-75.89380,2.74331
-75.89405,2.74312
-75.89431,2.74293
-75.89456,2.74274
-75.89481,2.74255
-75.89506,2.74236
-75.89532,2.74217
-75.89557,2.74198
-75.89582,2.74180
-75.89608,2.74161
-75.89633,2.74142
-75.89658,2.74124
-75.89684,2.74105
-75.89709,2.74086
-75.89735,2.74068
-75.89760,2.74049
-75.89786,2.74031
-75.89811,2.74012
-75.89837,2.73994
-75.89863,2.73976
-75.89888,2.73957
-75.89914,2.73939
-75.89940,2.73921
-75.89965,2.73903
-75.89991,2.73884
-75.90017,2.73866
-75.90043,2.73848
-75.90069,2.73830
-75.90094,2.73812
-75.90120,2.73794
-75.90146,2.73776
-75.90172,2.73758
-75.90198,2.73740
-75.90224,2.73722
-75.90250,2.73705
-75.90276,2.73687
-75.90302,2.73669
-75.90328,2.73651
-75.90354,2.73634
-75.90381,2.73616
-75.90407,2.73598
-75.90433,2.73581
-75.90459,2.73563
-75.90485,2.73546
-75.90512,2.73528
-75.90538,2.73511
-75.90564,2.73493
-75.90591,2.73476
-75.90617,2.73459
-75.90643,2.73441
-75.90670,2.73424
-75.90696,2.73407
-75.90723,2.73390
-75.90749,2.73373
-75.90776,2.73356
-75.90802,2.73339
-75.90829,2.73322
-75.90855,2.73305
-75.90882,2.73288
-75.90908,2.73271
-75.90935,2.73254
-75.90962,2.73237
-75.90988,2.73220
-75.91015,2.73203
-75.91042,2.73187
-75.91069,2.73170
-75.91095,2.73153
-75.91122,2.73137
-75.91149,2.73120
-75.91176,2.73104
-75.91203,2.73087
-75.91230,2.73071
-75.91257,2.73054
-75.91284,2.73038
-75.91311,2.73022
-75.91338,2.73005
-75.91365,2.72989
-75.91392,2.72973
-75.91419,2.72957
-75.91446,2.72940
-75.91473,2.72924
-75.91500,2.72908
-75.91527,2.72892
-75.91555,2.72876
-75.91582,2.72860
-75.91609,2.72844
-75.91636,2.72828
-75.91663,2.72813
-75.91691,2.72797
-75.91718,2.72781
-75.91745,2.72765
-75.91773,2.72749
-75.91800,2.72734
-75.91828,2.72718
-75.91855,2.72703
-75.91883,2.72687
-75.91910,2.72672
-75.91937,2.72656
-75.91965,2.72641
-75.91993,2.72625
-75.92020,2.72610
-75.92048,2.72595
-75.92075,2.72579
-75.92103,2.72564
-75.92131,2.72549
-75.92158,2.72534
-75.92186,2.72519
-75.92214,2.72503
-75.92241,2.72488
-75.92269,2.72473
-75.92297,2.72458
-75.92325,2.72444
-75.92353,2.72429
-75.92380,2.72414
-75.92408,2.72399
-75.92436,2.72384
-75.92464,2.72369
-75.92492,2.72355
-75.92520,2.72340
-75.92548,2.72326
-75.92576,2.72311
-75.92604,2.72296
-75.92632,2.72282
-75.92660,2.72267
-75.92688,2.72253
-75.92716,2.72239
-75.92744,2.72224
-75.92772,2.72210
-75.92801,2.72196
-75.92829,2.72182
-75.92857,2.72167
-75.92885,2.72153
-75.92913,2.72139
-75.92942,2.72125
-75.92970,2.72111
-75.92998,2.72097
-75.93027,2.72083
-75.93055,2.72069
-75.93083,2.72055
-75.93112,2.72042
-75.93140,2.72028
-75.93168,2.72014
-75.93197,2.72000
-75.93225,2.71987
-75.93254,2.71973
-75.93282,2.71959
-75.93311,2.71946
-75.93339,2.71932
-75.93368,2.71919
-75.93396,2.71905
-75.93425,2.71892
-75.93454,2.71879
-75.93482,2.71865
-75.93511,2.71852
-75.93540,2.71839
-75.93568,2.71826
-75.93597,2.71813
-75.93626,2.71799
-75.93654,2.71786
-75.93683,2.71773
-75.93712,2.71760
-75.93741,2.71747
-75.93770,2.71735
-75.93798,2.71722
-75.93827,2.71709
-75.93856,2.71696
-75.93885,2.71683
-75.93914,2.71671
-75.93943,2.71658
-75.93972,2.71645
-75.94001,2.71633
-75.94030,2.71620
-75.94059,2.71608
-75.94088,2.71595
-75.94117,2.71583
-75.94146,2.71571
-75.94175,2.71558
-75.94204,2.71546
-75.94233,2.71534
-75.94262,2.71521
-75.94291,2.71509
-75.94320,2.71497
-75.94350,2.71485
-75.94379,2.71473
-75.94408,2.71461
-75.94437,2.71449
-75.94466,2.71437
-75.94496,2.71425
-75.94525,2.71413
-75.94554,2.71402
-75.94584,2.71390
-75.94613,2.71378
-75.94642,2.71366
-75.94672,2.71355
-75.94701,2.71343
-75.94730,2.71332
-75.94760,2.71320
-75.94789,2.71309
-75.94819,2.71297
-75.94848,2.71286
-75.94878,2.71275
-75.94907,2.71263
-75.94937,2.71252
-75.94966,2.71241
-75.94996,2.71230
-75.95025,2.71218
-75.95055,2.71207
-75.95084,2.71196
-75.95114,2.71185
-75.95143,2.71174
-75.95173,2.71163
-75.95203,2.71152
-75.95232,2.71142
-75.95262,2.71131
-75.95292,2.71120
-75.95322,2.71109
-75.95351,2.71099
-75.95381,2.71088
-75.95411,2.71077
-75.95440,2.71067
-75.95470,2.71056
-75.95500,2.71046
-75.95530,2.71035
-75.95560,2.71025
-75.95590,2.71015
-75.95619,2.71004
-75.95649,2.70994
-75.95679,2.70984
-75.95709,2.70974
-75.95739,2.70964
-75.95769,2.70954
-75.95799,2.70944
-75.95829,2.70933
-75.95859,2.70924
-75.95889,2.70914
-75.95919,2.70904
-75.95949,2.70894
-75.95979,2.70884
-75.96009,2.70874
-75.96039,2.70865
-75.96069,2.70855
-75.96099,2.70845
-75.96129,2.70836
-75.96159,2.70826
-75.96189,2.70817
-75.96220,2.70807
-75.96250,2.70798
-75.96280,2.70788
-75.96310,2.70779
-75.96340,2.70770
-75.96370,2.70761
-75.96401,2.70751
-75.96431,2.70742
-75.96461,2.70733
-75.96491,2.70724
-75.96522,2.70715
-75.96552,2.70706
-75.96582,2.70697
-75.96613,2.70688
-75.96643,2.70679
-75.96673,2.70671
-75.96704,2.70662
-75.96734,2.70653
-75.96764,2.70644
-75.96795,2.70636
-75.96825,2.70627
-75.96856,2.70618
-75.96886,2.70610
-75.96916,2.70602
-75.96947,2.70593
-75.96977,2.70585
-75.97008,2.70576
-75.97038,2.70568
-75.97069,2.70560
-75.97099,2.70552
-75.97130,2.70543
-75.97160,2.70535
-75.97191,2.70527
-75.97221,2.70519
-75.97252,2.70511
-75.97282,2.70503
-75.97313,2.70495
-75.97344,2.70487
-75.97374,2.70480
-75.97405,2.70472
-75.97436,2.70464
-75.97466,2.70456
-75.97497,2.70449
-75.97528,2.70441
-75.97558,2.70433
-75.97589,2.70426
-75.97620,2.70418
-75.97650,2.70411
-75.97681,2.70404
-75.97712,2.70396
-75.97742,2.70389
-75.97773,2.70382
-75.97804,2.70374
-75.97835,2.70367
-75.97866,2.70360
-75.97896,2.70353
-75.97927,2.70346
-75.97958,2.70339
-75.97989,2.70332
-75.98020,2.70325
-75.98050,2.70318
-75.98081,2.70311
-75.98112,2.70305
-75.98143,2.70298
-75.98174,2.70291
-75.98205,2.70284
-75.98236,2.70278
-75.98267,2.70271
-75.98297,2.70265
-75.98328,2.70258
-75.98359,2.70252
-75.98390,2.70245
-75.98421,2.70239
-75.98452,2.70233
-75.98483,2.70227
-75.98514,2.70220
-75.98545,2.70214
-75.98576,2.70208
-75.98607,2.70202
-75.98638,2.70196
-75.98669,2.70190
-75.98700,2.70184
-75.98731,2.70178
-75.98762,2.70172
-75.98793,2.70166
-75.98824,2.70160
-75.98856,2.70155
-75.98887,2.70149
-75.98918,2.70143
-75.98949,2.70138
-75.98980,2.70132
-75.99011,2.70127
-75.99042,2.70121
-75.99073,2.70116
-75.99104,2.70110
-75.99136,2.70105
-75.99167,2.70100
-75.99198,2.70095
-75.99229,2.70089
-75.99260,2.70084
-75.99291,2.70079
-75.99323,2.70074
-75.99354,2.70069
-75.99385,2.70064
-75.99416,2.70059
-75.99447,2.70054
-75.99479,2.70049
-75.99510,2.70044
-75.99541,2.70040
-75.99572,2.70035
-75.99604,2.70030
-75.99635,2.70026
-75.99666,2.70021
-75.99698,2.70016
-75.99729,2.70012
-75.99760,2.70007
-75.99791,2.70003
-75.99823,2.69999
-75.99854,2.69994
-75.99885,2.69990
-75.99917,2.69986
-75.99948,2.69982
-75.99979,2.69977
-76.00011,2.69973
-76.00042,2.69969
-76.00073,2.69965
-76.00105,2.69961
-76.00136,2.69957
-76.00167,2.69953
-76.00199,2.69950
-76.00230,2.69946
-76.00262,2.69942
-76.00293,2.69938
-76.00324,2.69935
-76.00356,2.69931
-76.00387,2.69927
-76.00418,2.69924
-76.00450,2.69920
-76.00481,2.69917
-76.00513,2.69914
-76.00544,2.69910
-76.00576,2.69907
-76.00607,2.69904
-76.00638,2.69900
-76.00670,2.69897
-76.00701,2.69894
-76.00733,2.69891
-76.00764,2.69888
-76.00796,2.69885
-76.00827,2.69882
-76.00859,2.69879
-76.00890,2.69876
-76.00922,2.69873
-76.00953,2.69871
-76.00985,2.69868
-76.01016,2.69865
-76.01048,2.69863
-76.01079,2.69860
-76.01111,2.69857
-76.01142,2.69855
-76.01174,2.69852
-76.01205,2.69850
-76.01237,2.69848
-76.01268,2.69845
-76.01300,2.69843
-76.01331,2.69841
-76.01363,2.69839
-76.01394,2.69836
-76.01426,2.69834
-76.01457,2.69832
-76.01489,2.69830
-76.01521,2.69828
-76.01552,2.69826
-76.01584,2.69824
-76.01615,2.69823
-76.01647,2.69821
-76.01678,2.69819
-76.01710,2.69817
-76.01741,2.69816
-76.01773,2.69814
-76.01805,2.69813
-76.01836,2.69811
-76.01868,2.69809
-76.01899,2.69808
-76.01931,2.69807
-76.01962,2.69805
-76.01994,2.69804
-76.02026,2.69803
-76.02057,2.69802
-76.02089,2.69800
-76.02120,2.69799
-76.02152,2.69798
-76.02184,2.69797
-76.02215,2.69796
-76.02247,2.69795
-76.02278,2.69794
-76.02310,2.69793
-76.02342,2.69793
-76.02373,2.69792
-76.02405,2.69791
-76.02436,2.69790
-76.02468,2.69790
-76.02500,2.69789
-76.02531,2.69789
-76.02563,2.69788
-76.02594,2.69788
-76.02626,2.69787
-76.02658,2.69787
-76.02689,2.69787
-76.02721,2.69786
-76.02752,2.69786
-76.02784,2.69786
-76.02816,2.69786
-76.02847,2.69786
-76.02879,2.69786
-76.02910,2.69786
-76.02942,2.69786
-76.02974,2.69786
-76.03005,2.69786
-76.03037,2.69786
-76.03068,2.69786
-76.03100,2.69786
-76.03132,2.69787
-76.03163,2.69787
-76.03195,2.69787
-76.03227,2.69788
-76.03258,2.69788
-76.03290,2.69789
-76.03321,2.69789
-76.03353,2.69790
-76.03385,2.69791
-76.03416,2.69791
-76.03448,2.69792
-76.03479,2.69793
-76.03511,2.69794
-76.03543,2.69795
-76.03574,2.69796
-76.03606,2.69797
-76.03637,2.69798
-76.03669,2.69799
-76.03701,2.69800
-76.03732,2.69801
-76.03764,2.69802
-76.03795,2.69803
-76.03827,2.69805
-76.03858,2.69806
-76.03890,2.69807
-76.03922,2.69809
-76.03953,2.69810
-76.03985,2.69812
-76.04016,2.69813
-76.04048,2.69815
-76.04079,2.69817
-76.04111,2.69818
-76.04143,2.69820
-76.04174,2.69822
-76.04206,2.69824
-76.04237,2.69825
-76.04269,2.69827
-76.04300,2.69829
-76.04332,2.69831
-76.04363,2.69833
-76.04395,2.69835
-76.04427,2.69838
-76.04458,2.69840
-76.04490,2.69842
-76.04521,2.69844
-76.04553,2.69846
-76.04584,2.69849
-76.04616,2.69851
-76.04647,2.69854
-76.04679,2.69856
-76.04710,2.69859
-76.04742,2.69861
-76.04773,2.69864
-76.04805,2.69867
-76.04836,2.69869
-76.04868,2.69872
-76.04899,2.69875
-76.04931,2.69878
-76.04962,2.69881
-76.04994,2.69884
-76.05025,2.69886
-76.05057,2.69890
-76.05088,2.69893
-76.05119,2.69896
-76.05151,2.69899
-76.05182,2.69902
-76.05214,2.69905
-76.05245,2.69909
-76.05277,2.69912
-76.05308,2.69915
-76.05339,2.69919
-76.05371,2.69922
-76.05402,2.69926
-76.05434,2.69929
-76.05465,2.69933
-76.05497,2.69936
-76.05528,2.69940
-76.05559,2.69944
-76.05591,2.69948
-76.05622,2.69952
-76.05653,2.69955
-76.05685,2.69959
-76.05716,2.69963
-76.05747,2.69967
-76.05779,2.69971
-76.05810,2.69975
-76.05841,2.69979
-76.05873,2.69984
-76.05904,2.69988
-76.05935,2.69992
-76.05967,2.69996
-76.05998,2.70001
-76.06029,2.70005
-76.06061,2.70010
-76.06092,2.70014
-76.06123,2.70019
-76.06155,2.70023
-76.06186,2.70028
-76.06217,2.70033
-76.06248,2.70037
-76.06280,2.70042
-76.06311,2.70047
-76.06342,2.70052
-76.06373,2.70056
-76.06404,2.70061
-76.06436,2.70066
-76.06467,2.70071
-76.06498,2.70076
-76.06529,2.70082
-76.06560,2.70087
-76.06592,2.70092
-76.06623,2.70097
-76.06654,2.70102
-76.06685,2.70108
-76.06716,2.70113
-76.06747,2.70119
-76.06778,2.70124
-76.06810,2.70129
-76.06841,2.70135
-76.06872,2.70141
-76.06903,2.70146
-76.06934,2.70152
-76.06965,2.70158
-76.06996,2.70163
-76.07027,2.70169
-76.07058,2.70175
-76.07089,2.70181
-76.07120,2.70187
-76.07151,2.70193
-76.07182,2.70199
-76.07213,2.70205
-76.07244,2.70211
-76.07275,2.70217
-76.07306,2.70223
-76.07337,2.70230
-76.07368,2.70236
-76.07399,2.70242
-76.07430,2.70249
-76.07461,2.70255
-76.07492,2.70262
-76.07523,2.70268
-76.07554,2.70275
-76.07585,2.70281
-76.07616,2.70288
-76.07647,2.70294
-76.07678,2.70301
-76.07708,2.70308
-76.07739,2.70315
-76.07770,2.70322
-76.07801,2.70329
-76.07832,2.70335
-76.07863,2.70342
-76.07893,2.70350
-76.07924,2.70357
-76.07955,2.70364
-76.07986,2.70371
-76.08017,2.70378
-76.08047,2.70385
-76.08078,2.70393
-76.08109,2.70400
-76.08139,2.70407
-76.08170,2.70415
-76.08201,2.70422
-76.08232,2.70430
-76.08262,2.70437
-76.08293,2.70445
-76.08324,2.70452
-76.08354,2.70460
-76.08385,2.70468
-76.08415,2.70476
-76.08446,2.70483
-76.08477,2.70491
-76.08507,2.70499
-76.08538,2.70507
-76.08568,2.70515
-76.08599,2.70523
-76.08630,2.70531
-76.08660,2.70539
-76.08691,2.70547
-76.08721,2.70556
-76.08752,2.70564
-76.08782,2.70572
-76.08813,2.70580
-76.08843,2.70589
-76.08874,2.70597
-76.08904,2.70606
-76.08934,2.70614
-76.08965,2.70623
-76.08995,2.70631
-76.09026,2.70640
-76.09056,2.70649
-76.09086,2.70657
-76.09117,2.70666
-76.09147,2.70675
-76.09177,2.70684
-76.09208,2.70693
-76.09238,2.70702
-76.09268,2.70711
-76.09299,2.70720
-76.09329,2.70729
-76.09359,2.70738
-76.09389,2.70747
-76.09420,2.70756
-76.09450,2.70765
-76.09480,2.70774
-76.09510,2.70784
-76.09540,2.70793
-76.09570,2.70803
-76.09601,2.70812
-76.09631,2.70821
-76.09661,2.70831
-76.09691,2.70841
-76.09721,2.70850
-76.09751,2.70860
-76.09781,2.70869
-76.09811,2.70879
-76.09841,2.70889
-76.09871,2.70899
-76.09901,2.70909
-76.09931,2.70919
-76.09961,2.70929
-76.09991,2.70938
-76.10021,2.70949
-76.10051,2.70959
-76.10081,2.70969
-76.10111,2.70979
-76.10141,2.70989
-76.10171,2.70999
-76.10201,2.71010
-76.10230,2.71020
-76.10260,2.71030
-76.10290,2.71041
-76.10320,2.71051
-76.10350,2.71062
-76.10379,2.71072
-76.10409,2.71083
-76.10439,2.71093
-76.10469,2.71104
-76.10498,2.71115
-76.10528,2.71125
-76.10558,2.71136
-76.10587,2.71147
-76.10617,2.71158
-76.10647,2.71169
-76.10676,2.71180
-76.10706,2.71191
-76.10736,2.71202
-76.10765,2.71213
-76.10795,2.71224
-76.10824,2.71235
-76.10854,2.71246
-76.10883,2.71258
-76.10913,2.71269
-76.10942,2.71280
-76.10972,2.71292
-76.11001,2.71303
-76.11031,2.71314
-76.11060,2.71326
-76.11089,2.71337
-76.11119,2.71349
-76.11148,2.71361
-76.11178,2.71372
-76.11207,2.71384
-76.11236,2.71396
-76.11265,2.71408
-76.11295,2.71419
-76.11324,2.71431
-76.11353,2.71443
-76.11382,2.71455
-76.11412,2.71467
-76.11441,2.71479
-76.11470,2.71491
-76.11499,2.71503
-76.11528,2.71515
-76.11558,2.71528
-76.11587,2.71540
-76.11616,2.71552
-76.11645,2.71564
-76.11674,2.71577
-76.11703,2.71589
-76.11732,2.71602
-76.11761,2.71614
-76.11790,2.71627
-76.11819,2.71639
-76.11848,2.71652
-76.11877,2.71664
-76.11906,2.71677
-76.11935,2.71690
-76.11963,2.71702
-76.11992,2.71715
-76.12021,2.71728
-76.12050,2.71741
-76.12079,2.71754
-76.12108,2.71767
-76.12136,2.71780
-76.12165,2.71793
-76.12194,2.71806
-76.12222,2.71819
-76.12251,2.71832
-76.12280,2.71846
-76.12309,2.71859
-76.12337,2.71872
-76.12366,2.71885
-76.12394,2.71899
-76.12423,2.71912
-76.12451,2.71926
-76.12480,2.71939
-76.12509,2.71953
-76.12537,2.71966
-76.12566,2.71980
-76.12594,2.71993
-76.12622,2.72007
-76.12651,2.72021
-76.12679,2.72035
-76.12708,2.72048
-76.12736,2.72062
-76.12764,2.72076
-76.12793,2.72090
-76.12821,2.72104
-76.12849,2.72118
-76.12878,2.72132
-76.12906,2.72146
-76.12934,2.72160
-76.12962,2.72174
-76.12990,2.72189
-76.13019,2.72203
-76.13047,2.72217
-76.13075,2.72231
-76.13103,2.72246
-76.13131,2.72260
-76.13159,2.72275
-76.13187,2.72289
-76.13215,2.72304
-76.13243,2.72318
-76.13271,2.72333
-76.13299,2.72347
-76.13327,2.72362
-76.13355,2.72377
-76.13383,2.72392
-76.13411,2.72406
-76.13439,2.72421
-76.13466,2.72436
-76.13494,2.72451
-76.13522,2.72466
-76.13550,2.72481
-76.13578,2.72496
-76.13605,2.72511
-76.13633,2.72526
-76.13661,2.72541
-76.13688,2.72556
-76.13716,2.72572
-76.13744,2.72587
-76.13771,2.72602
-76.13799,2.72618
-76.13826,2.72633
-76.13854,2.72648
-76.13881,2.72664
-76.13909,2.72679
-76.13936,2.72695
-76.13964,2.72710
-76.13991,2.72726
-76.14019,2.72742
-76.14046,2.72757
-76.14073,2.72773
-76.14101,2.72789
-76.14128,2.72805
-76.14155,2.72820
-76.14183,2.72836
-76.14210,2.72852
-76.14237,2.72868
-76.14264,2.72884
-76.14291,2.72900
-76.14318,2.72916
-76.14346,2.72932
-76.14373,2.72948
-76.14400,2.72965
-76.14427,2.72981
-76.14454,2.72997
-76.14481,2.73013
-76.14508,2.73030
-76.14535,2.73046
-76.14562,2.73063
-76.14589,2.73079
-76.14616,2.73095
-76.14643,2.73112
-76.14669,2.73128
-76.14696,2.73145
-76.14723,2.73162
-76.14750,2.73178
-76.14777,2.73195
-76.14803,2.73212
-76.14830,2.73229
-76.14857,2.73245
-76.14883,2.73262
-76.14910,2.73279
-76.14937,2.73296
-76.14963,2.73313
-76.14990,2.73330
-76.15016,2.73347
-76.15043,2.73364
-76.15069,2.73381
-76.15096,2.73398
-76.15122,2.73416
-76.15149,2.73433
-76.15175,2.73450
-76.15201,2.73467
-76.15228,2.73485
-76.15254,2.73502
-76.15280,2.73520
-76.15307,2.73537
-76.15333,2.73554
-76.15359,2.73572
-76.15385,2.73590
-76.15411,2.73607
-76.15438,2.73625
-76.15464,2.73642
-76.15490,2.73660
-76.15516,2.73678
-76.15542,2.73696
-76.15568,2.73713
-76.15594,2.73731
-76.15620,2.73749
-76.15646,2.73767
-76.15672,2.73785
-76.15698,2.73803
-76.15724,2.73821
-76.15749,2.73839
-76.15775,2.73857
-76.15801,2.73875
-76.15827,2.73894
-76.15853,2.73912
-76.15878,2.73930
-76.15904,2.73948
-76.15930,2.73967
-76.15955,2.73985
-76.15981,2.74003
-76.16006,2.74022
-76.16032,2.74040
-76.16058,2.74059
-76.16083,2.74077
-76.16109,2.74096
-76.16134,2.74114
-76.16159,2.74133
-76.16185,2.74152
-76.16210,2.74170
-76.16236,2.74189
-76.16261,2.74208
-76.16286,2.74227
-76.16311,2.74246
-76.16337,2.74264
-76.16362,2.74283
-76.16387,2.74302
-76.16412,2.74321
-76.16437,2.74340
-76.16462,2.74359
-76.16488,2.74378
-76.16513,2.74398
-76.16538,2.74417
-76.16563,2.74436
-76.16588,2.74455
-76.16613,2.74474
-76.16637,2.74494
-76.16662,2.74513
-76.16687,2.74532
-76.16712,2.74552
-76.16737,2.74571
-76.16762,2.74591
-76.16786,2.74610
-76.16811,2.74630
-76.16836,2.74649
-76.16861,2.74669
-76.16885,2.74689
-76.16910,2.74708
-76.16934,2.74728
-76.16959,2.74748
-76.16983,2.74768
-76.17008,2.74787
-76.17032,2.74807
-76.17057,2.74827
-76.17081,2.74847
-76.17106,2.74867
-76.17130,2.74887
-76.17154,2.74907
-76.17179,2.74927
-76.17203,2.74947
-76.17227,2.74967
-76.17251,2.74987
-76.17276,2.75008
-76.17300,2.75028
-76.17324,2.75048
-76.17348,2.75068
-76.17372,2.75089
-76.17396,2.75109
-76.17420,2.75129
-76.17444,2.75150
-76.17468,2.75170
-76.17492,2.75191
-76.17516,2.75211
-76.17540,2.75232
-76.17564,2.75253
-76.17588,2.75273
-76.17611,2.75294
-76.17635,2.75314
-76.17659,2.75335
-76.17682,2.75356
-76.17706,2.75377
-76.17730,2.75398
-76.17753,2.75418
-76.17777,2.75439
-76.17801,2.75460
-76.17824,2.75481
-76.17848,2.75502
-76.17871,2.75523
-76.17894,2.75544
-76.17918,2.75565
-76.17941,2.75586
-76.17965,2.75608
-76.17988,2.75629
-76.18011,2.75650
-76.18034,2.75671
-76.18058,2.75693
-76.18081,2.75714
-76.18104,2.75735
-76.18127,2.75757
-76.18150,2.75778
-76.18173,2.75799
-76.18196,2.75821
-76.18219,2.75842
-76.18242,2.75864
-76.18265,2.75885
-76.18288,2.75907
-76.18311,2.75929
-76.18334,2.75950
-76.18357,2.75972
-76.18380,2.75994
-76.18402,2.76016
-76.18425,2.76037
-76.18448,2.76059
-76.18471,2.76081
-76.18493,2.76103
-76.18516,2.76125
-76.18538,2.76147
-76.18561,2.76169
-76.18584,2.76191
-76.18606,2.76213
-76.18629,2.76235
-76.18651,2.76257
-76.18673,2.76279
-76.18696,2.76301
-76.18718,2.76323
-76.18740,2.76346
-76.18763,2.76368
-76.18785,2.76390
-76.18807,2.76412
-76.18829,2.76435
-76.18851,2.76457
-76.18874,2.76480
-76.18896,2.76502
-76.18918,2.76525
-76.18940,2.76547
-76.18962,2.76570
-76.18984,2.76592
-76.19006,2.76615
-76.19028,2.76637
-76.19049,2.76660
-76.19071,2.76683
-76.19093,2.76705
-76.19115,2.76728
-76.19137,2.76751
-76.19158,2.76774
-76.19180,2.76797
-76.19202,2.76819
-76.19223,2.76842
-76.19245,2.76865
-76.19266,2.76888
-76.19288,2.76911
-76.19309,2.76934
-76.19331,2.76957
-76.19352,2.76980
-76.19374,2.77003
-76.19395,2.77027
-76.19416,2.77050
-76.19437,2.77073
-76.19459,2.77096
-76.19480,2.77119
-76.19501,2.77143
-76.19522,2.77166
-76.19543,2.77189
-76.19565,2.77213
-76.19586,2.77236
-76.19607,2.77259
-76.19628,2.77283
-76.19649,2.77306
-76.19669,2.77330
-76.19690,2.77353
-76.19711,2.77377
-76.19732,2.77401
-76.19753,2.77424
-76.19774,2.77448
-76.19794,2.77472
-76.19815,2.77495
-76.19836,2.77519
-76.19856,2.77543
-76.19877,2.77567
-76.19897,2.77590
-76.19918,2.77614
-76.19938,2.77638
-76.19959,2.77662
-76.19979,2.77686
-76.20000,2.77710
-76.20020,2.77734
-76.20040,2.77758
-76.20061,2.77782
-76.20081,2.77806
-76.20101,2.77830
-76.20121,2.77854
-76.20142,2.77879
-76.20162,2.77903
-76.20182,2.77927
-76.20202,2.77951
-76.20222,2.77975
-76.20242,2.78000
-76.20262,2.78024
-76.20282,2.78048
-76.20302,2.78073
-76.20321,2.78097
-76.20341,2.78122
-76.20361,2.78146
-76.20381,2.78171
-76.20400,2.78195
-76.20420,2.78220
-76.20440,2.78244
-76.20459,2.78269
-76.20479,2.78294
-76.20499,2.78318
-76.20518,2.78343
-76.20538,2.78368
-76.20557,2.78392
-76.20576,2.78417
-76.20596,2.78442
-76.20615,2.78467
-76.20634,2.78492
-76.20654,2.78516
-76.20673,2.78541
-76.20692,2.78566
-76.20711,2.78591
-76.20730,2.78616
-76.20749,2.78641
-76.20768,2.78666
-76.20787,2.78691
-76.20806,2.78716
-76.20825,2.78741
-76.20844,2.78767
-76.20863,2.78792
-76.20882,2.78817
-76.20901,2.78842
-76.20920,2.78867
-76.20938,2.78893
-76.20957,2.78918
-76.20976,2.78943
-76.20994,2.78969
-76.21013,2.78994
-76.21031,2.79019
-76.21050,2.79045
-76.21069,2.79070
-76.21087,2.79096
-76.21105,2.79121
-76.21124,2.79147
-76.21142,2.79172
-76.21160,2.79198
-76.21179,2.79223
-76.21197,2.79249
-76.21215,2.79275
-76.21233,2.79300
-76.21251,2.79326
-76.21270,2.79352
-76.21288,2.79377
-76.21306,2.79403
-76.21324,2.79429
-76.21342,2.79455
-76.21359,2.79481
-76.21377,2.79507
-76.21395,2.79532
-76.21413,2.79558
-76.21431,2.79584
-76.21448,2.79610
-76.21466,2.79636
-76.21484,2.79662
-76.21501,2.79688
-76.21519,2.79714
-76.21537,2.79740
-76.21554,2.79767
-76.21572,2.79793
-76.21589,2.79819
-76.21606,2.79845
-76.21624,2.79871
-76.21641,2.79898
-76.21658,2.79924
-76.21676,2.79950
-76.21693,2.79976
-76.21710,2.80003
-76.21727,2.80029
-76.21744,2.80055
-76.21761,2.80082
-76.21778,2.80108
-76.21795,2.80135
-76.21812,2.80161
-76.21829,2.80188
-76.21846,2.80214
-76.21863,2.80241
-76.21880,2.80267
-76.21897,2.80294
-76.21913,2.80320
-76.21930,2.80347
-76.21947,2.80374
-76.21963,2.80400
-76.21980,2.80427
-76.21997,2.80454
-76.22013,2.80481
-76.22030,2.80507
-76.22046,2.80534
-76.22062,2.80561
-76.22079,2.80588
-76.22095,2.80615
-76.22111,2.80641
-76.22128,2.80668
-76.22144,2.80695
-76.22160,2.80722
-76.22176,2.80749
-76.22192,2.80776
-76.22208,2.80803
-76.22224,2.80830
-76.22240,2.80857
-76.22256,2.80884
-76.22272,2.80911
-76.22288,2.80939
-76.22304,2.80966
-76.22320,2.80993
-76.22336,2.81020
-76.22351,2.81047
-76.22367,2.81075
-76.22383,2.81102
-76.22398,2.81129
-76.22414,2.81156
-76.22429,2.81184
-76.22445,2.81211
-76.22460,2.81238
-76.22476,2.81266
-76.22491,2.81293
-76.22507,2.81321
-76.22522,2.81348
-76.22537,2.81375
-76.22552,2.81403
-76.22568,2.81430
-76.22583,2.81458
-76.22598,2.81486
-76.22613,2.81513
-76.22628,2.81541
-76.22643,2.81568
-76.22658,2.81596
-76.22673,2.81624
-76.22688,2.81651
-76.22703,2.81679
-76.22717,2.81707
-76.22732,2.81734
-76.22747,2.81762
-76.22762,2.81790
-76.22776,2.81818
-76.22791,2.81845
-76.22805,2.81873
-76.22820,2.81901
-76.22835,2.81929
-76.22849,2.81957
-76.22863,2.81985
-76.22878,2.82013
-76.22892,2.82041
-76.22906,2.82069
-76.22921,2.82097
-76.22935,2.82125
-76.22949,2.82153
-76.22963,2.82181
-76.22977,2.82209
-76.22991,2.82237
-76.23005,2.82265
-76.23019,2.82293
-76.23033,2.82321
-76.23047,2.82349
-76.23061,2.82378
-76.23075,2.82406
-76.23089,2.82434
-76.23103,2.82462
-76.23116,2.82491
-76.23130,2.82519
-76.23144,2.82547
-76.23157,2.82575
-76.23171,2.82604
-76.23184,2.82632
-76.23198,2.82660
-76.23211,2.82689
-76.23225,2.82717
-76.23238,2.82746
-76.23251,2.82774
-76.23265,2.82803
-76.23278,2.82831
-76.23291,2.82860
-76.23304,2.82888
-76.23317,2.82917
-76.23331,2.82945
-76.23344,2.82974
-76.23357,2.83002
-76.23370,2.83031
-76.23382,2.83060
-76.23395,2.83088
-76.23408,2.83117
-76.23421,2.83146
-76.23434,2.83174
-76.23447,2.83203
-76.23459,2.83232
-76.23472,2.83260
-76.23485,2.83289
-76.23497,2.83318
-76.23510,2.83347
-76.23522,2.83376
-76.23535,2.83404
-76.23547,2.83433
-76.23559,2.83462
-76.23572,2.83491
-76.23584,2.83520
-76.23596,2.83549
-76.23608,2.83578
-76.23621,2.83607
-76.23633,2.83636
-76.23645,2.83665
-76.23657,2.83694
-76.23669,2.83723
-76.23681,2.83752
-76.23693,2.83781
-76.23705,2.83810
-76.23717,2.83839
-76.23728,2.83868
-76.23740,2.83897
-76.23752,2.83926
-76.23764,2.83955
-76.23775,2.83984
-76.23787,2.84014
-76.23798,2.84043
-76.23810,2.84072
-76.23821,2.84101
-76.23833,2.84130
-76.23844,2.84160
-76.23856,2.84189
-76.23867,2.84218
-76.23878,2.84248
-76.23889,2.84277
-76.23901,2.84306
-76.23912,2.84336
-76.23923,2.84365
-76.23934,2.84394
-76.23945,2.84424
-76.23956,2.84453
-76.23967,2.84483
-76.23978,2.84512
-76.23989,2.84541
-76.24000,2.84571
-76.24010,2.84600
-76.24021,2.84630
-76.24032,2.84659
-76.24043,2.84689
-76.24053,2.84718
-76.24064,2.84748
-76.24074,2.84778
-76.24085,2.84807
-76.24095,2.84837
-76.24106,2.84866
-76.24116,2.84896
-76.24126,2.84926
-76.24137,2.84955
-76.24147,2.84985
-76.24157,2.85015
-76.24167,2.85044
-76.24178,2.85074
-76.24188,2.85104
-76.24198,2.85133
-76.24208,2.85163
-76.24218,2.85193
-76.24228,2.85223
-76.24237,2.85253
-76.24247,2.85282
-76.24257,2.85312
-76.24267,2.85342
-76.24277,2.85372
-76.24286,2.85402
-76.24296,2.85432
-76.24306,2.85461
-76.24315,2.85491
-76.24325,2.85521
-76.24334,2.85551
-76.24344,2.85581
-76.24353,2.85611
-76.24362,2.85641
-76.24372,2.85671
-76.24381,2.85701
-76.24390,2.85731
-76.24399,2.85761
-76.24408,2.85791
-76.24418,2.85821
-76.24427,2.85851
-76.24436,2.85881
-76.24445,2.85911
-76.24454,2.85941
-76.24462,2.85971
-76.24471,2.86001
-76.24480,2.86032
-76.24489,2.86062
-76.24498,2.86092
-76.24506,2.86122
-76.24515,2.86152
-76.24524,2.86182
-76.24532,2.86213
-76.24541,2.86243
-76.24549,2.86273
-76.24557,2.86303
-76.24566,2.86333
-76.24574,2.86364
-76.24583,2.86394
-76.24591,2.86424
-76.24599,2.86455
-76.24607,2.86485
-76.24615,2.86515
-76.24623,2.86545
-76.24632,2.86576
-76.24640,2.86606
-76.24648,2.86636
-76.24655,2.86667
-76.24663,2.86697
-76.24671,2.86728
-76.24679,2.86758
-76.24687,2.86788
-76.24694,2.86819
-76.24702,2.86849
-76.24710,2.86880
-76.24717,2.86910
-76.24725,2.86941
-76.24732,2.86971
-76.24740,2.87002
-76.24747,2.87032
-76.24755,2.87062
-76.24762,2.87093
-76.24769,2.87124
-76.24777,2.87154
-76.24784,2.87185
-76.24791,2.87215
-76.24798,2.87246
-76.24805,2.87276
-76.24812,2.87307
-76.24819,2.87337
-76.24826,2.87368
-76.24833,2.87399
-76.24840,2.87429
-76.24847,2.87460
-76.24854,2.87490
-76.24860,2.87521
-76.24867,2.87552
-76.24874,2.87582
-76.24880,2.87613
-76.24887,2.87644
-76.24894,2.87674
-76.24900,2.87705
-76.24907,2.87736
-76.24913,2.87767
-76.24919,2.87797
-76.24926,2.87828
-76.24932,2.87859
-76.24938,2.87889
-76.24944,2.87920
-76.24951,2.87951
-76.24957,2.87982
-76.24963,2.88013
-76.24969,2.88043
-76.24975,2.88074
-76.24981,2.88105
-76.24987,2.88136
-76.24992,2.88167
-76.24998,2.88197
-76.25004,2.88228
-76.25010,2.88259
-76.25015,2.88290
-76.25021,2.88321
-76.25027,2.88352
-76.25032,2.88383
-76.25038,2.88413
-76.25043,2.88444
-76.25049,2.88475
-76.25054,2.88506
-76.25059,2.88537
-76.25065,2.88568
-76.25070,2.88599
-76.25075,2.88630
-76.25080,2.88661
-76.25086,2.88692
-76.25091,2.88723
-76.25096,2.88754
-76.25101,2.88785
-76.25106,2.88816
-76.25111,2.88847
-76.25115,2.88878
-76.25120,2.88909
-76.25125,2.88940
-76.25130,2.88971
-76.25135,2.89002
-76.25139,2.89033
-76.25144,2.89064
-76.25148,2.89095
-76.25153,2.89126
-76.25157,2.89157
-76.25162,2.89188
-76.25166,2.89219
-76.25171,2.89250
-76.25175,2.89281
-76.25179,2.89312
-76.25183,2.89343
-76.25188,2.89374
-76.25192,2.89405
-76.25196,2.89436
-76.25200,2.89467
-76.25204,2.89499
-76.25208,2.89530
-76.25212,2.89561
-76.25216,2.89592
-76.25220,2.89623
-76.25223,2.89654
-76.25227,2.89685
-76.25231,2.89717
-76.25235,2.89748
-76.25238,2.89779
-76.25242,2.89810
-76.25245,2.89841
-76.25249,2.89872
-76.25252,2.89903
-76.25256,2.89935
-76.25259,2.89966
-76.25263,2.89997
-76.25266,2.90028
-76.25269,2.90059
-76.25272,2.90091
-76.25275,2.90122
-76.25279,2.90153
-76.25282,2.90184
-76.25285,2.90215
-76.25288,2.90247
-76.25291,2.90278
-76.25293,2.90309
-76.25296,2.90340
-76.25299,2.90372
-76.25302,2.90403
-76.25305,2.90434
-76.25307,2.90465
-76.25310,2.90497
-76.25313,2.90528
-76.25315,2.90559
-76.25318,2.90590
-76.25320,2.90622
-76.25323,2.90653
-76.25325,2.90684
-76.25327,2.90716
-76.25330,2.90747
-76.25332,2.90778
-76.25334,2.90809
-76.25336,2.90841
-76.25338,2.90872
-76.25340,2.90903
-76.25342,2.90935
-76.25344,2.90966
-76.25346,2.90997
-76.25348,2.91028
-76.25350,2.91060
-76.25352,2.91091
-76.25354,2.91122
-76.25356,2.91154
-76.25357,2.91185
-76.25359,2.91216
-76.25360,2.91248
-76.25362,2.91279
-76.25364,2.91310
-76.25365,2.91342
-76.25366,2.91373
-76.25368,2.91404
-76.25369,2.91436
-76.25370,2.91467
-76.25372,2.91498
-76.25373,2.91530
-76.25374,2.91561
-76.25375,2.91592
-76.25376,2.91624
-76.25377,2.91655
-76.25378,2.91686
-76.25379,2.91718
-76.25380,2.91749
-76.25381,2.91780
-76.25382,2.91812
-76.25383,2.91843
-76.25384,2.91875
-76.25384,2.91906
-76.25385,2.91937
-76.25385,2.91969
-76.25386,2.92000
-76.25387,2.92031
-76.25387,2.92063
-76.25387,2.92094
-76.25388,2.92125
-76.25388,2.92157
-76.25389,2.92188
-76.25389,2.92219
-76.25389,2.92251
-76.25389,2.92282
-76.25389,2.92314
-76.25389,2.92345
-76.25390,2.92376
-76.25390,2.92408
-76.25389,2.92439
-76.25389,2.92470
-76.25389,2.92502
-76.25389,2.92533
-76.25389,2.92564
-76.25389,2.92596
-76.25388,2.92627
-76.25388,2.92659
-76.25388,2.92690
-76.25387,2.92721
-76.25387,2.92753
-76.25386,2.92784
-76.25386,2.92815
-76.25385,2.92847
-76.25384,2.92878
-76.25384,2.92909
-76.25383,2.92941
-76.25382,2.92972
-76.25381,2.93003
-76.25381,2.93035
-76.25380,2.93066
-76.25379,2.93098
-76.25378,2.93129
-76.25377,2.93160
-76.25376,2.93192
-76.25374,2.93223
-76.25373,2.93254
-76.25372,2.93286
-76.25371,2.93317
-76.25370,2.93348
-76.25368,2.93380
-76.25367,2.93411
-76.25365,2.93442
-76.25364,2.93474
-76.25362,2.93505
-76.25361,2.93536
-76.25359,2.93568
-76.25358,2.93599
-76.25356,2.93630
-76.25354,2.93662
-76.25353,2.93693
-76.25351,2.93724
-76.25349,2.93755
-76.25347,2.93787
-76.25345,2.93818
-76.25343,2.93849
-76.25341,2.93881
-76.25339,2.93912
-76.25337,2.93943
-76.25335,2.93975
-76.25332,2.94006
-76.25330,2.94037
-76.25328,2.94068
-76.25326,2.94100
-76.25323,2.94131
-76.25321,2.94162
-76.25318,2.94194
-76.25316,2.94225
-76.25313,2.94256
-76.25311,2.94287
-76.25308,2.94319
-76.25305,2.94350
-76.25303,2.94381
-76.25300,2.94412
-76.25297,2.94444
-76.25294,2.94475
-76.25291,2.94506
-76.25288,2.94537
-76.25285,2.94568
-76.25282,2.94600
-76.25279,2.94631
-76.25276,2.94662
-76.25273,2.94693
-76.25270,2.94725
-76.25267,2.94756
-76.25263,2.94787
-76.25260,2.94818
-76.25257,2.94849
-76.25253,2.94880
-76.25250,2.94912
-76.25246,2.94943
-76.25243,2.94974
-76.25239,2.95005
-76.25236,2.95036
-76.25232,2.95067
-76.25228,2.95099
-76.25225,2.95130
-76.25221,2.95161
-76.25217,2.95192
-76.25213,2.95223
-76.25209,2.95254
-76.25205,2.95285
-76.25201,2.95317
-76.25197,2.95348
-76.25193,2.95379
-76.25189,2.95410
-76.25185,2.95441
-76.25180,2.95472
-76.25176,2.95503
-76.25172,2.95534
-76.25168,2.95565
-76.25163,2.95596
-76.25159,2.95627
-76.25154,2.95658
-76.25150,2.95689
-76.25145,2.95720
-76.25141,2.95751
-76.25136,2.95782
-76.25131,2.95814
-76.25126,2.95845
-76.25122,2.95876
-76.25117,2.95907
-76.25112,2.95938
-76.25107,2.95968
-76.25102,2.95999
-76.25097,2.96030
-76.25092,2.96061
-76.25087,2.96092
-76.25082,2.96123
-76.25077,2.96154
-76.25072,2.96185
-76.25066,2.96216
-76.25061,2.96247
-76.25056,2.96278
-76.25050,2.96309
-76.25045,2.96340
-76.25039,2.96371
-76.25034,2.96402
-76.25028,2.96432
-76.25023,2.96463
-76.25017,2.96494
-76.25011,2.96525
-76.25006,2.96556
-76.25000,2.96587
-76.24994,2.96618
-76.24988,2.96648
-76.24982,2.96679
-76.24976,2.96710
-76.24970,2.96741
-76.24964,2.96772
-76.24958,2.96802
-76.24952,2.96833
-76.24946,2.96864
-76.24940,2.96895
-76.24934,2.96925
-76.24927,2.96956
-76.24921,2.96987
-76.24915,2.97018
-76.24908,2.97048
-76.24902,2.97079
-76.24895,2.97110
-76.24889,2.97140
-76.24882,2.97171
-76.24876,2.97202
-76.24869,2.97232
-76.24862,2.97263
-76.24856,2.97294
-76.24849,2.97324
-76.24842,2.97355
-76.24835,2.97386
-76.24828,2.97416
-76.24821,2.97447
-76.24814,2.97477
-76.24807,2.97508
-76.24800,2.97538
-76.24793,2.97569
-76.24786,2.97600
-76.24779,2.97630
-76.24771,2.97661
-76.24764,2.97691
-76.24757,2.97722
-76.24749,2.97752
-76.24742,2.97783
-76.24735,2.97813
-76.24727,2.97844
-76.24720,2.97874
-76.24712,2.97905
-76.24704,2.97935
-76.24697,2.97965
-76.24689,2.97996
-76.24681,2.98026
-76.24673,2.98057
-76.24666,2.98087
-76.24658,2.98117
-76.24650,2.98148
-76.24642,2.98178
-76.24634,2.98208
-76.24626,2.98239
-76.24618,2.98269
-76.24609,2.98299
-76.24601,2.98330
-76.24593,2.98360
-76.24585,2.98390
-76.24577,2.98421
-76.24568,2.98451
-76.24560,2.98481
-76.24551,2.98511
-76.24543,2.98541
-76.24534,2.98572
-76.24526,2.98602
-76.24517,2.98632
-76.24509,2.98662
-76.24500,2.98692
-76.24491,2.98723
-76.24482,2.98753
-76.24474,2.98783
-76.24465,2.98813
-76.24456,2.98843
-76.24447,2.98873
-76.24438,2.98903
-76.24429,2.98933
-76.24420,2.98963
-76.24411,2.98993
-76.24402,2.99023
-76.24393,2.99053
-76.24383,2.99083
-76.24374,2.99113
-76.24365,2.99143
-76.24355,2.99173
-76.24346,2.99203
-76.24337,2.99233
-76.24327,2.99263
-76.24318,2.99293
-76.24308,2.99323
-76.24299,2.99353
-76.24289,2.99383
-76.24279,2.99413
-76.24270,2.99442
-76.24260,2.99472
-76.24250,2.99502
-76.24240,2.99532
-76.24230,2.99562
-76.24220,2.99591
-76.24210,2.99621
-76.24200,2.99651
-76.24190,2.99681
-76.24180,2.99710
-76.24170,2.99740
-76.24160,2.99770
-76.24150,2.99800
-76.24139,2.99829
-76.24129,2.99859
-76.24119,2.99888
-76.24108,2.99918
-76.24098,2.99948
-76.24088,2.99977
-76.24077,3.00007
-76.24067,3.00036
-76.24056,3.00066
-76.24045,3.00096
-76.24035,3.00125
-76.24024,3.00155
-76.24013,3.00184
-76.24002,3.00214
-76.23992,3.00243
-76.23981,3.00273
-76.23970,3.00302
-76.23959,3.00331
-76.23948,3.00361
-76.23937,3.00390
-76.23926,3.00420
-76.23915,3.00449
-76.23904,3.00478
-76.23892,3.00508
-76.23881,3.00537
-76.23870,3.00566
-76.23859,3.00596
-76.23847,3.00625
-76.23836,3.00654
-76.23824,3.00683
-76.23813,3.00713
-76.23801,3.00742
-76.23790,3.00771
-76.23778,3.00800
-76.23767,3.00829
-76.23755,3.00858
-76.23743,3.00888
-76.23731,3.00917
-76.23720,3.00946
-76.23708,3.00975
-76.23696,3.01004
-76.23684,3.01033
-76.23672,3.01062
-76.23660,3.01091
-76.23648,3.01120
-76.23636,3.01149
-76.23624,3.01178
-76.23612,3.01207
-76.23599,3.01236
-76.23587,3.01265
-76.23575,3.01294
-76.23563,3.01323
-76.23550,3.01351
-76.23538,3.01380
-76.23525,3.01409
-76.23513,3.01438
-76.23500,3.01467
-76.23488,3.01496
-76.23475,3.01524
-76.23463,3.01553
-76.23450,3.01582
-76.23437,3.01610
-76.23424,3.01639
-76.23412,3.01668
-76.23399,3.01697
-76.23386,3.01725
-76.23373,3.01754
-76.23360,3.01782
-76.23347,3.01811
-76.23334,3.01840
-76.23321,3.01868
-76.23308,3.01897
-76.23295,3.01925
-76.23281,3.01954
-76.23268,3.01982
-76.23255,3.02011
-76.23242,3.02039
-76.23228,3.02067
-76.23215,3.02096
-76.23201,3.02124
-76.23188,3.02153
-76.23174,3.02181
-76.23161,3.02209
-76.23147,3.02238
-76.23134,3.02266
-76.23120,3.02294
-76.23106,3.02323
-76.23092,3.02351
-76.23079,3.02379
-76.23065,3.02407
-76.23051,3.02435
-76.23037,3.02464
-76.23023,3.02492
-76.23009,3.02520
-76.22995,3.02548
-76.22981,3.02576
-76.22967,3.02604
-76.22953,3.02632
-76.22939,3.02660
-76.22924,3.02688
-76.22910,3.02716
-76.22896,3.02744
-76.22881,3.02772
-76.22867,3.02800
-76.22853,3.02828
-76.22838,3.02856
-76.22824,3.02884
-76.22809,3.02912
-76.22795,3.02939
-76.22780,3.02967
-76.22765,3.02995
-76.22751,3.03023
-76.22736,3.03051
-76.22721,3.03078
-76.22706,3.03106
-76.22691,3.03134
-76.22677,3.03161
-76.22662,3.03189
-76.22647,3.03217
-76.22632,3.03244
-76.22617,3.03272
-76.22602,3.03299
-76.22587,3.03327
-76.22571,3.03355
-76.22556,3.03382
-76.22541,3.03410
-76.22526,3.03437
-76.22510,3.03464
-76.22495,3.03492
-76.22480,3.03519
-76.22464,3.03547
-76.22449,3.03574
-76.22433,3.03601
-76.22418,3.03629
-76.22402,3.03656
-76.22387,3.03683
-76.22371,3.03711
-76.22355,3.03738
-76.22340,3.03765
-76.22324,3.03792
-76.22308,3.03819
-76.22292,3.03846
-76.22276,3.03874
-76.22260,3.03901
-76.22244,3.03928
-76.22228,3.03955
-76.22212,3.03982
-76.22196,3.04009
-76.22180,3.04036
-76.22164,3.04063
-76.22148,3.04090
-76.22132,3.04117
-76.22115,3.04144
-76.22099,3.04171
-76.22083,3.04197
-76.22066,3.04224
-76.22050,3.04251
-76.22034,3.04278
-76.22017,3.04305
-76.22001,3.04331
-76.21984,3.04358
-76.21967,3.04385
-76.21951,3.04411
-76.21934,3.04438
-76.21917,3.04465
-76.21901,3.04491
-76.21884,3.04518
-76.21867,3.04545
-76.21850,3.04571
-76.21833,3.04598
-76.21817,3.04624
-76.21800,3.04651
-76.21783,3.04677
-76.21766,3.04703
-76.21748,3.04730
-76.21731,3.04756
-76.21714,3.04783
-76.21697,3.04809
-76.21680,3.04835
-76.21663,3.04862
-76.21645,3.04888
-76.21628,3.04914
-76.21611,3.04940
-76.21593,3.04966
-76.21576,3.04993
-76.21558,3.05019
-76.21541,3.05045
-76.21523,3.05071
-76.21506,3.05097
-76.21488,3.05123
-76.21470,3.05149
-76.21453,3.05175
-76.21435,3.05201
-76.21417,3.05227
-76.21399,3.05253
-76.21382,3.05279
-76.21364,3.05305
-76.21346,3.05331
-76.21328,3.05356
-76.21310,3.05382
-76.21292,3.05408
-76.21274,3.05434
-76.21256,3.05459
-76.21238,3.05485
-76.21219,3.05511
-76.21201,3.05536
-76.21183,3.05562
-76.21165,3.05588
-76.21146,3.05613
-76.21128,3.05639
-76.21110,3.05664
-76.21091,3.05690
-76.21073,3.05715
-76.21054,3.05741
-76.21036,3.05766
-76.21017,3.05792
-76.20999,3.05817
-76.20980,3.05842
-76.20961,3.05868
-76.20943,3.05893
-76.20924,3.05918
-76.20905,3.05943
-76.20886,3.05969
-76.20867,3.05994
-76.20849,3.06019
-76.20830,3.06044
-76.20811,3.06069
-76.20792,3.06094
-76.20773,3.06119
-76.20754,3.06144
-76.20735,3.06169
-76.20716,3.06194
-76.20696,3.06219
-76.20677,3.06244
-76.20658,3.06269
-76.20639,3.06294
-76.20619,3.06319
-76.20600,3.06344
-76.20581,3.06369
-76.20561,3.06393
-76.20542,3.06418
-76.20522,3.06443
-76.20503,3.06467
-76.20483,3.06492
-76.20464,3.06517
-76.20444,3.06541
-76.20425,3.06566
-76.20405,3.06591
-76.20385,3.06615
-76.20365,3.06640
-76.20346,3.06664
-76.20326,3.06688
-76.20306,3.06713
-76.20286,3.06737
-76.20266,3.06762
-76.20246,3.06786
-76.20226,3.06810
-76.20206,3.06835
-76.20186,3.06859
-76.20166,3.06883
-76.20146,3.06907
-76.20126,3.06931
-76.20106,3.06956
-76.20085,3.06980
-76.20065,3.07004
-76.20045,3.07028
-76.20025,3.07052
-76.20004,3.07076
-76.19984,3.07100
-76.19963,3.07124
-76.19943,3.07148
-76.19922,3.07172
-76.19902,3.07195
-76.19881,3.07219
-76.19861,3.07243
-76.19840,3.07267
-76.19819,3.07291
-76.19799,3.07314
-76.19778,3.07338
-76.19757,3.07362
-76.19736,3.07385
-76.19716,3.07409
-76.19695,3.07432
-76.19674,3.07456
-76.19653,3.07480
-76.19632,3.07503
-76.19611,3.07526
-76.19590,3.07550
-76.19569,3.07573
-76.19548,3.07597
-76.19527,3.07620
-76.19506,3.07643
-76.19484,3.07667
-76.19463,3.07690
-76.19442,3.07713
-76.19421,3.07736
-76.19399,3.07759
-76.19378,3.07783
-76.19357,3.07806
-76.19335,3.07829
-76.19314,3.07852
-76.19292,3.07875
-76.19271,3.07898
-76.19249,3.07921
-76.19228,3.07944
-76.19206,3.07967
-76.19184,3.07990
-76.19163,3.08012
-76.19141,3.08035
-76.19119,3.08058
-76.19097,3.08081
-76.19076,3.08103
-76.19054,3.08126
-76.19032,3.08149
-76.19010,3.08171
-76.18988,3.08194
-76.18966,3.08217
-76.18944,3.08239
-76.18922,3.08262
-76.18900,3.08284
-76.18878,3.08307
-76.18856,3.08329
-76.18834,3.08351
-76.18812,3.08374
-76.18789,3.08396
-76.18767,3.08418
-76.18745,3.08441
-76.18723,3.08463
-76.18700,3.08485
-76.18678,3.08507
-76.18655,3.08529
-76.18633,3.08551
-76.18611,3.08573
-76.18588,3.08596
-76.18566,3.08618
-76.18543,3.08640
-76.18520,3.08661
-76.18498,3.08683
-76.18475,3.08705
-76.18452,3.08727
-76.18430,3.08749
-76.18407,3.08771
-76.18384,3.08793
-76.18361,3.08814
-76.18339,3.08836
-76.18316,3.08858
-76.18293,3.08879
-76.18270,3.08901
-76.18247,3.08922
-76.18224,3.08944
-76.18201,3.08965
-76.18178,3.08987
-76.18155,3.09008
-76.18132,3.09030
-76.18109,3.09051
-76.18085,3.09073
-76.18062,3.09094
-76.18039,3.09115
-76.18016,3.09136
-76.17992,3.09158
-76.17969,3.09179
-76.17946,3.09200
-76.17922,3.09221
-76.17899,3.09242
-76.17875,3.09263
-76.17852,3.09284
-76.17829,3.09305
-76.17805,3.09326
-76.17781,3.09347
-76.17758,3.09368
-76.17734,3.09389
-76.17711,3.09410
-76.17687,3.09430
-76.17663,3.09451
-76.17639,3.09472
-76.17616,3.09493
-76.17592,3.09513
-76.17568,3.09534
-76.17544,3.09555
-76.17520,3.09575
-76.17496,3.09596
-76.17473,3.09616
-76.17449,3.09637
-76.17425,3.09657
-76.17401,3.09677
-76.17377,3.09698
-76.17352,3.09718
-76.17328,3.09738
-76.17304,3.09759
-76.17280,3.09779
-76.17256,3.09799
-76.17232,3.09819
-76.17207,3.09839
-76.17183,3.09860
-76.17159,3.09880
-76.17134,3.09900
-76.17110,3.09920
-76.17086,3.09940
-76.17061,3.09959
-76.17037,3.09979
-76.17012,3.09999
-76.16988,3.10019
-76.16963,3.10039
-76.16939,3.10059
-76.16914,3.10078
-76.16889,3.10098
-76.16865,3.10118
-76.16840,3.10137
-76.16815,3.10157
-76.16791,3.10176
-76.16766,3.10196
-76.16741,3.10215
-76.16716,3.10235
-76.16692,3.10254
-76.16667,3.10274
-76.16642,3.10293
-76.16617,3.10312
-76.16592,3.10332
-76.16567,3.10351
-76.16542,3.10370
-76.16517,3.10389
-76.16492,3.10408
-76.16467,3.10427
-76.16442,3.10446
-76.16417,3.10465
-76.16391,3.10484
-76.16366,3.10503
-76.16341,3.10522
-76.16316,3.10541
-76.16290,3.10560
-76.16265,3.10579
-76.16240,3.10598
-76.16214,3.10616
-76.16189,3.10635
-76.16164,3.10654
-76.16138,3.10672
-76.16113,3.10691
-76.16087,3.10710
-76.16062,3.10728
-76.16036,3.10747
-76.16011,3.10765
-76.15985,3.10784
-76.15959,3.10802
-76.15934,3.10820
-76.15908,3.10839
-76.15882,3.10857
-76.15857,3.10875
-76.15831,3.10893
-76.15805,3.10912
-76.15779,3.10930
-76.15754,3.10948
-76.15728,3.10966
-76.15702,3.10984
-76.15676,3.11002
-76.15650,3.11020
-76.15624,3.11038
-76.15598,3.11056
-76.15572,3.11074
-76.15546,3.11091
-76.15520,3.11109
-76.15494,3.11127
-76.15468,3.11145
-76.15442,3.11162
-76.15416,3.11180
-76.15389,3.11197
-76.15363,3.11215
-76.15337,3.11233
-76.15311,3.11250
-76.15284,3.11267
-76.15258,3.11285
-76.15232,3.11302
-76.15205,3.11320
-76.15179,3.11337
-76.15153,3.11354
-76.15126,3.11371
-76.15100,3.11389
-76.15073,3.11406
-76.15047,3.11423
-76.15020,3.11440
-76.14994,3.11457
-76.14967,3.11474
-76.14941,3.11491
-76.14914,3.11508
-76.14887,3.11525
-76.14861,3.11542
-76.14834,3.11559
-76.14807,3.11575
-76.14781,3.11592
-76.14754,3.11609
-76.14727,3.11625
-76.14700,3.11642
-76.14673,3.11659
-76.14646,3.11675
-76.14620,3.11692
-76.14593,3.11708
-76.14566,3.11725
-76.14539,3.11741
-76.14512,3.11757
-76.14485,3.11774
-76.14458,3.11790
-76.14431,3.11806
-76.14404,3.11823
-76.14377,3.11839
-76.14350,3.11855
-76.14322,3.11871
-76.14295,3.11887
-76.14268,3.11903
-76.14241,3.11919
-76.14214,3.11935
-76.14186,3.11951
-76.14159,3.11967
-76.14132,3.11983
-76.14105,3.11998
-76.14077,3.12014
-76.14050,3.12030
-76.14022,3.12046
-76.13995,3.12061
-76.13968,3.12077
-76.13940,3.12092
-76.13913,3.12108
-76.13885,3.12123
-76.13858,3.12139
-76.13830,3.12154
-76.13803,3.12170
-76.13775,3.12185
-76.13747,3.12200
-76.13720,3.12216
-76.13692,3.12231
-76.13664,3.12246
-76.13637,3.12261
-76.13609,3.12276
-76.13581,3.12291
-76.13554,3.12306
-76.13526,3.12321
-76.13498,3.12336
-76.13470,3.12351
-76.13442,3.12366
-76.13414,3.12381
-76.13387,3.12396
-76.13359,3.12411
-76.13331,3.12425
-76.13303,3.12440
-76.13275,3.12455
-76.13247,3.12469
-76.13219,3.12484
-76.13191,3.12498
-76.13163,3.12513
-76.13135,3.12527
-76.13107,3.12542
-76.13078,3.12556
-76.13050,3.12570
-76.13022,3.12585
-76.12994,3.12599
-76.12966,3.12613
-76.12938,3.12627
-76.12909,3.12641
-76.12881,3.12655
-76.12853,3.12669
-76.12825,3.12683
-76.12796,3.12697
-76.12768,3.12711
-76.12740,3.12725
-76.12711,3.12739
-76.12683,3.12753
-76.12654,3.12767
-76.12626,3.12780
-76.12597,3.12794
-76.12569,3.12808
-76.12541,3.12821
-76.12512,3.12835
-76.12483,3.12848
-76.12455,3.12862
-76.12426,3.12875
-76.12398,3.12889
-76.12369,3.12902
-76.12341,3.12916
-76.12312,3.12929
-76.12283,3.12942
-76.12255,3.12955
-76.12226,3.12968
-76.12197,3.12982
-76.12168,3.12995
-76.12140,3.13008
-76.12111,3.13021
-76.12082,3.13034
-76.12053,3.13047
-76.12024,3.13059
-76.11996,3.13072
-76.11967,3.13085
-76.11938,3.13098
-76.11909,3.13111
-76.11880,3.13123
-76.11851,3.13136
-76.11822,3.13149
-76.11793,3.13161
-76.11764,3.13174
-76.11735,3.13186
-76.11706,3.13199
-76.11677,3.13211
-76.11648,3.13223
-76.11619,3.13236
-76.11590,3.13248
-76.11561,3.13260
-76.11532,3.13272
-76.11502,3.13284
-76.11473,3.13297
-76.11444,3.13309
-76.11415,3.13321
-76.11386,3.13333
-76.11356,3.13345
-76.11327,3.13357
-76.11298,3.13368
-76.11269,3.13380
-76.11239,3.13392
-76.11210,3.13404
-76.11181,3.13415
-76.11151,3.13427
-76.11122,3.13439
-76.11092,3.13450
-76.11063,3.13462
-76.11034,3.13473
-76.11004,3.13485
-76.10975,3.13496
-76.10945,3.13508
-76.10916,3.13519
-76.10886,3.13530
-76.10857,3.13541
-76.10827,3.13553
-76.10798,3.13564
-76.10768,3.13575
-76.10739,3.13586
-76.10709,3.13597
-76.10679,3.13608
-76.10650,3.13619
-76.10620,3.13630
-76.10590,3.13641
-76.10561,3.13652
-76.10531,3.13662
-76.10501,3.13673
-76.10472,3.13684
-76.10442,3.13695
-76.10412,3.13705
-76.10382,3.13716
-76.10353,3.13726
-76.10323,3.13737
-76.10293,3.13747
-76.10263,3.13758
-76.10233,3.13768
-76.10203,3.13778
-76.10173,3.13789
-76.10144,3.13799
-76.10114,3.13809
-76.10084,3.13819
-76.10054,3.13829
-76.10024,3.13839
-76.09994,3.13849
-76.09964,3.13859
-76.09934,3.13869
-76.09904,3.13879
-76.09874,3.13889
-76.09844,3.13899
-76.09814,3.13909
-76.09784,3.13918
-76.09754,3.13928
-76.09724,3.13938
-76.09694,3.13947
-76.09663,3.13957
-76.09633,3.13967
-76.09603,3.13976
-76.09573,3.13985
-76.09543,3.13995
-76.09513,3.14004
-76.09482,3.14013
-76.09452,3.14023
-76.09422,3.14032
-76.09392,3.14041
-76.09362,3.14050
-76.09331,3.14059
-76.09301,3.14068
-76.09271,3.14077
-76.09240,3.14086
-76.09210,3.14095
-76.09180,3.14104
-76.09149,3.14113
-76.09119,3.14122
-76.09089,3.14131
-76.09058,3.14139
-76.09028,3.14148
-76.08998,3.14157
-76.08967,3.14165
-76.08937,3.14174
-76.08906,3.14182
-76.08876,3.14191
-76.08845,3.14199
-76.08815,3.14208
-76.08784,3.14216
-76.08754,3.14224
-76.08723,3.14232
-76.08693,3.14241
-76.08662,3.14249
-76.08632,3.14257
-76.08601,3.14265
-76.08571,3.14273
-76.08540,3.14281
-76.08509,3.14289
-76.08479,3.14297
-76.08448,3.14305
-76.08418,3.14312
-76.08387,3.14320
-76.08356,3.14328
-76.08326,3.14336
-76.08295,3.14343
-76.08264,3.14351
-76.08234,3.14358
-76.08203,3.14366
-76.08172,3.14373
-76.08141,3.14381
-76.08111,3.14388
-76.08080,3.14396
-76.08049,3.14403
-76.08018,3.14410
-76.07988,3.14417
-76.07957,3.14424
-76.07926,3.14432
-76.07895,3.14439
-76.07864,3.14446
-76.07834,3.14453
-76.07803,3.14460
-76.07772,3.14466
-76.07741,3.14473
-76.07710,3.14480
-76.07679,3.14487
-76.07648,3.14494
-76.07618,3.14500
-76.07587,3.14507
-76.07556,3.14514
-76.07525,3.14520
-76.07494,3.14527
-76.07463,3.14533
-76.07432,3.14540
-76.07401,3.14546
-76.07370,3.14552
-76.07339,3.14559
-76.07308,3.14565
-76.07277,3.14571
-76.07246,3.14577
-76.07215,3.14583
-76.07184,3.14589
-76.07153,3.14595
-76.07122,3.14601
-76.07091,3.14607
-76.07060,3.14613
-76.07029,3.14619
-76.06998,3.14625
-76.06967,3.14631
-76.06936,3.14636
-76.06904,3.14642
-76.06873,3.14648
-76.06842,3.14653
-76.06811,3.14659
-76.06780,3.14664
-76.06749,3.14670
-76.06718,3.14675
-76.06687,3.14680
-76.06655,3.14686
-76.06624,3.14691
-76.06593,3.14696
-76.06562,3.14702
-76.06531,3.14707
-76.06499,3.14712
-76.06468,3.14717
-76.06437,3.14722
-76.06406,3.14727
-76.06375,3.14732
-76.06343,3.14737
-76.06312,3.14741
-76.06281,3.14746
-76.06250,3.14751
-76.06218,3.14756
-76.06187,3.14760
-76.06156,3.14765
-76.06124,3.14770
-76.06093,3.14774
-76.06062,3.14779
-76.06031,3.14783
-76.05999,3.14787
-76.05968,3.14792
-76.05937,3.14796
-76.05905,3.14800
-76.05874,3.14805
-76.05843,3.14809
-76.05811,3.14813
-76.05780,3.14817
-76.05749,3.14821
-76.05717,3.14825
-76.05686,3.14829
-76.05654,3.14833
-76.05623,3.14837
-76.05592,3.14841
-76.05560,3.14844
-76.05529,3.14848
-76.05498,3.14852
-76.05466,3.14855
-76.05435,3.14859
-76.05403,3.14863
-76.05372,3.14866
-76.05340,3.14870
-76.05309,3.14873
-76.05278,3.14876
-76.05246,3.14880
-76.05215,3.14883
-76.05183,3.14886
-76.05152,3.14889
-76.05120,3.14893
-76.05089,3.14896
-76.05057,3.14899
-76.05026,3.14902
-76.04994,3.14905
-76.04963,3.14908
-76.04931,3.14911
-76.04900,3.14913
-76.04868,3.14916
-76.04837,3.14919
-76.04805,3.14922
-76.04774,3.14924
-76.04742,3.14927
-76.04711,3.14930
-76.04679,3.14932
-76.04648,3.14935
-76.04616,3.14937
-76.04585,3.14939
-76.04553,3.14942
-76.04522,3.14944
-76.04490,3.14946
-76.04459,3.14949
-76.04427,3.14951
-76.04396,3.14953
-76.04364,3.14955
-76.04332,3.14957
-76.04301,3.14959
-76.04269,3.14961
-76.04238,3.14963
-76.04206,3.14965
-76.04175,3.14967
-76.04143,3.14968
-76.04111,3.14970
-76.04080,3.14972
-76.04048,3.14973
-76.04017,3.14975
-76.03985,3.14977
-76.03954,3.14978
-76.03922,3.14980
-76.03890,3.14981
-76.03859,3.14982
-76.03827,3.14984
-76.03796,3.14985
-76.03764,3.14986
-76.03732,3.14987
-76.03701,3.14989
-76.03669,3.14990
-76.03638,3.14991
-76.03606,3.14992
-76.03574,3.14993
-76.03543,3.14994
-76.03511,3.14995
-76.03480,3.14995
-76.03448,3.14996
-76.03416,3.14997
-76.03385,3.14998
-76.03353,3.14998
-76.03322,3.14999
-76.03290,3.14999
-76.03258,3.15000
-76.03227,3.15000
-76.03195,3.15001
-76.03163,3.15001
-76.03132,3.15002
-76.03100,3.15002
-76.03069,3.15002
-76.03037,3.15002
-76.03005,3.15003
-76.02974,3.15003
-76.02942,3.15003
-76.02910,3.15003
-76.02879,3.15003
-76.02847,3.15003
-76.02816,3.15003
-76.02784,3.15003
-76.02752,3.15002
-76.02721,3.15002
-76.02689,3.15002
-76.02657,3.15001
-76.02626,3.15001
-76.02594,3.15001
-76.02563,3.15000
-76.02531,3.15000
-76.02499,3.14999
-76.02468,3.14999
-76.02436,3.14998
-76.02405,3.14997
-76.02373,3.14997
-76.02341,3.14996
-76.02310,3.14995
-76.02278,3.14994
-76.02246,3.14993
-76.02215,3.14992
-76.02183,3.14991
-76.02152,3.14990
-76.02120,3.14989
-76.02088,3.14988
-76.02057,3.14987
-76.02025,3.14986
-76.01994,3.14984
-76.01962,3.14983
-76.01930,3.14982
-76.01899,3.14980
-76.01867,3.14979
-76.01836,3.14977
-76.01804,3.14976
-76.01773,3.14974
-76.01741,3.14973
-76.01709,3.14971
-76.01678,3.14969
-76.01646,3.14968
-76.01615,3.14966
-76.01583,3.14964
-76.01552,3.14962
-76.01520,3.14960
-76.01488,3.14958
-76.01457,3.14956
-76.01425,3.14954
-76.01394,3.14952
-76.01362,3.14950
-76.01331,3.14948
-76.01299,3.14945
-76.01268,3.14943
-76.01236,3.14941
-76.01205,3.14938
-76.01173,3.14936
-76.01141,3.14933
-76.01110,3.14931
-76.01078,3.14928
-76.01047,3.14926
-76.01015,3.14923
-76.00984,3.14920
-76.00952,3.14918
-76.00921,3.14915
-76.00889,3.14912
-76.00858,3.14909
-76.00826,3.14906
-76.00795,3.14903
-76.00763,3.14900
-76.00732,3.14897
-76.00701,3.14894
-76.00669,3.14891
-76.00638,3.14888
-76.00606,3.14885
-76.00575,3.14881
-76.00543,3.14878
-76.00512,3.14875
-76.00480,3.14871
-76.00449,3.14868
-76.00418,3.14864
-76.00386,3.14861
-76.00355,3.14857
-76.00323,3.14854
-76.00292,3.14850
-76.00260,3.14846
-76.00229,3.14842
-76.00198,3.14839
-76.00166,3.14835
-76.00135,3.14831
-76.00104,3.14827
-76.00072,3.14823
-76.00041,3.14819
-76.00009,3.14815
-75.99978,3.14811
-75.99947,3.14807
-75.99915,3.14802
-75.99884,3.14798
-75.99853,3.14794
-75.99821,3.14790
-75.99790,3.14785
-75.99759,3.14781
-75.99728,3.14776
-75.99696,3.14772
-75.99665,3.14767
-75.99634,3.14763
-75.99602,3.14758
-75.99571,3.14753
-75.99540,3.14749
-75.99509,3.14744
-75.99477,3.14739
-75.99446,3.14734
-75.99415,3.14729
-75.99384,3.14724
-75.99352,3.14719
-75.99321,3.14714
-75.99290,3.14709
-75.99259,3.14704
-75.99228,3.14699
-75.99196,3.14694
-75.99165,3.14688
-75.99134,3.14683
-75.99103,3.14678
-75.99072,3.14672
-75.99041,3.14667
-75.99010,3.14662
-75.98978,3.14656
-75.98947,3.14650
-75.98916,3.14645
-75.98885,3.14639
-75.98854,3.14633
-75.98823,3.14628
-75.98792,3.14622
-75.98761,3.14616
-75.98730,3.14610
-75.98699,3.14604
-75.98668,3.14598
-75.98637,3.14592
-75.98606,3.14586
-75.98574,3.14580
-75.98543,3.14574
-75.98512,3.14568
-75.98481,3.14562
-75.98450,3.14555
-75.98420,3.14549
-75.98389,3.14543
-75.98358,3.14536
-75.98327,3.14530
-75.98296,3.14523
-75.98265,3.14517
-75.98234,3.14510
-75.98203,3.14504
-75.98172,3.14497
-75.98141,3.14490
-75.98110,3.14484
-75.98079,3.14477
-75.98049,3.14470
-75.98018,3.14463
-75.97987,3.14456
-75.97956,3.14449
-75.97925,3.14442
-75.97894,3.14435
-75.97864,3.14428
-75.97833,3.14421
-75.97802,3.14414
-75.97771,3.14406
-75.97740,3.14399
-75.97710,3.14392
-75.97679,3.14385
-75.97648,3.14377
-75.97618,3.14370
-75.97587,3.14362
-75.97556,3.14355
-75.97525,3.14347
-75.97495,3.14339
-75.97464,3.14332
-75.97433,3.14324
-75.97403,3.14316
-75.97372,3.14309
-75.97342,3.14301
-75.97311,3.14293
-75.97280,3.14285
-75.97250,3.14277
-75.97219,3.14269
-75.97189,3.14261
-75.97158,3.14253
-75.97128,3.14245
-75.97097,3.14237
-75.97066,3.14228
-75.97036,3.14220
-75.97005,3.14212
-75.96975,3.14203
-75.96945,3.14195
-75.96914,3.14187
-75.96884,3.14178
-75.96853,3.14170
-75.96823,3.14161
-75.96792,3.14152
-75.96762,3.14144
-75.96732,3.14135
-75.96701,3.14126
-75.96671,3.14118
-75.96641,3.14109
-75.96610,3.14100
-75.96580,3.14091
-75.96550,3.14082
-75.96519,3.14073
-75.96489,3.14064
-75.96459,3.14055
-75.96428,3.14046
-75.96398,3.14037
-75.96368,3.14027
-75.96338,3.14018
-75.96308,3.14009
-75.96277,3.14000
-75.96247,3.13990
-75.96217,3.13981
-75.96187,3.13971
-75.96157,3.13962
-75.96127,3.13952
-75.96097,3.13943
-75.96066,3.13933
-75.96036,3.13923
-75.96006,3.13914
-75.95976,3.13904
-75.95946,3.13894
-75.95916,3.13884
-75.95886,3.13874
-75.95856,3.13864
-75.95826,3.13854
-75.95796,3.13844
-75.95766,3.13834
-75.95736,3.13824
-75.95706,3.13814
-75.95676,3.13804
-75.95647,3.13794
-75.95617,3.13783
-75.95587,3.13773
-75.95557,3.13763
-75.95527,3.13752
-75.95497,3.13742
-75.95467,3.13732
-75.95438,3.13721
-75.95408,3.13710
-75.95378,3.13700
-75.95348,3.13689
-75.95319,3.13679
-75.95289,3.13668
-75.95259,3.13657
-75.95230,3.13646
-75.95200,3.13635
-75.95170,3.13624
-75.95141,3.13614
-75.95111,3.13603
-75.95081,3.13592
-75.95052,3.13580
-75.95022,3.13569
-75.94993,3.13558
-75.94963,3.13547
-75.94934,3.13536
-75.94904,3.13525
-75.94875,3.13513
-75.94845,3.13502
-75.94816,3.13491
-75.94786,3.13479
-75.94757,3.13468
-75.94727,3.13456
-75.94698,3.13445
-75.94669,3.13433
-75.94639,3.13421
-75.94610,3.13410
-75.94581,3.13398
-75.94551,3.13386
-75.94522,3.13374
-75.94493,3.13362
-75.94463,3.13351
-75.94434,3.13339
-75.94405,3.13327
-75.94376,3.13315
-75.94346,3.13303
-75.94317,3.13291
-75.94288,3.13278
-75.94259,3.13266
-75.94230,3.13254
-75.94201,3.13242
-75.94172,3.13229
-75.94143,3.13217
-75.94114,3.13205
-75.94084,3.13192
-75.94055,3.13180
-75.94026,3.13167
-75.93997,3.13155
-75.93969,3.13142
-75.93940,3.13130
-75.93911,3.13117
-75.93882,3.13104
-75.93853,3.13092
-75.93824,3.13079
-75.93795,3.13066
-75.93766,3.13053
-75.93737,3.13040
-75.93709,3.13027
-75.93680,3.13014
-75.93651,3.13001
-75.93622,3.12988
-75.93594,3.12975
-75.93565,3.12962
-75.93536,3.12949
-75.93508,3.12935
-75.93479,3.12922
-75.93450,3.12909
-75.93422,3.12896
-75.93393,3.12882
-75.93364,3.12869
-75.93336,3.12855
-75.93307,3.12842
-75.93279,3.12828
-75.93250,3.12815
-75.93222,3.12801
-75.93193,3.12787
-75.93165,3.12774
-75.93137,3.12760
-75.93108,3.12746
-75.93080,3.12732
-75.93051,3.12718
-75.93023,3.12704
-75.92995,3.12690
-75.92966,3.12676
-75.92938,3.12662
-75.92910,3.12648
-75.92882,3.12634
-75.92853,3.12620
-75.92825,3.12606
-75.92797,3.12592
-75.92769,3.12577
-75.92741,3.12563
-75.92713,3.12549
-75.92684,3.12534
-75.92656,3.12520
-75.92628,3.12506
-75.92600,3.12491
-75.92572,3.12476
-75.92544,3.12462
-75.92516,3.12447
-75.92488,3.12433
-75.92460,3.12418
-75.92433,3.12403
-75.92405,3.12388
-75.92377,3.12374
-75.92349,3.12359
-75.92321,3.12344
-75.92293,3.12329
-75.92265,3.12314
-75.92238,3.12299
-75.92210,3.12284
-75.92182,3.12269
-75.92155,3.12254
-75.92127,3.12238
-75.92099,3.12223
-75.92072,3.12208
-75.92044,3.12193
-75.92016,3.12177
-75.91989,3.12162
-75.91961,3.12147
-75.91934,3.12131
-75.91906,3.12116
-75.91879,3.12100
-75.91851,3.12085
-75.91824,3.12069
-75.91796,3.12053
-75.91769,3.12038
-75.91742,3.12022
-75.91714,3.12006
-75.91687,3.11991
-75.91660,3.11975
-75.91632,3.11959
-75.91605,3.11943
-75.91578,3.11927
-75.91551,3.11911
-75.91523,3.11895
-75.91496,3.11879
-75.91469,3.11863
-75.91442,3.11847
-75.91415,3.11831
-75.91388,3.11814
-75.91361,3.11798
-75.91334,3.11782
-75.91307,3.11766
-75.91280,3.11749
-75.91253,3.11733
-75.91226,3.11716
-75.91199,3.11700
-75.91172,3.11683
-75.91145,3.11667
-75.91118,3.11650
-75.91091,3.11634
-75.91065,3.11617
-75.91038,3.11600
-75.91011,3.11584
-75.90984,3.11567
-75.90958,3.11550
-75.90931,3.11533
-75.90904,3.11516
-75.90878,3.11499
-75.90851,3.11483
-75.90825,3.11466
-75.90798,3.11449
-75.90772,3.11431
-75.90745,3.11414
-75.90719,3.11397
-75.90692,3.11380
-75.90666,3.11363
-75.90639,3.11346
-75.90613,3.11328
-75.90586,3.11311
-75.90560,3.11294
-75.90534,3.11276
-75.90508,3.11259
-75.90481,3.11241
-75.90455,3.11224
-75.90429,3.11206
-75.90403,3.11189
-75.90376,3.11171
-75.90350,3.11153
-75.90324,3.11136
-75.90298,3.11118
-75.90272,3.11100
-75.90246,3.11082
-75.90220,3.11065
-75.90194,3.11047
-75.90168,3.11029
-75.90142,3.11011
-75.90116,3.10993
-75.90090,3.10975
-75.90064,3.10957
-75.90039,3.10939
-75.90013,3.10921
-75.89987,3.10902
-75.89961,3.10884
-75.89935,3.10866
-75.89910,3.10848
-75.89884,3.10829
-75.89858,3.10811
-75.89833,3.10793
-75.89807,3.10774
-75.89782,3.10756
-75.89756,3.10737
-75.89731,3.10719
-75.89705,3.10700
-75.89680,3.10682
-75.89654,3.10663
-75.89629,3.10645
-75.89603,3.10626
-75.89578,3.10607
-75.89553,3.10588
-75.89527,3.10570
-75.89502,3.10551
-75.89477,3.10532
-75.89452,3.10513
-75.89426,3.10494
-75.89401,3.10475
-75.89376,3.10456
-75.89351,3.10437
-75.89326,3.10418
-75.89301,3.10399
-75.89276,3.10380
-75.89251,3.10360
-75.89226,3.10341
-75.89201,3.10322
-75.89176,3.10303
-75.89151,3.10283
-75.89126,3.10264
-75.89101,3.10245
-75.89076,3.10225
-75.89051,3.10206
-75.89027,3.10186
-75.89002,3.10167
-75.88977,3.10147
-75.88953,3.10127
-75.88928,3.10108
-75.88903,3.10088
-75.88879,3.10068
-75.88854,3.10049
-75.88830,3.10029
-75.88805,3.10009
-75.88781,3.09989
-75.88756,3.09969
-75.88732,3.09950
-75.88707,3.09930
-75.88683,3.09910
-75.88659,3.09890
-75.88634,3.09870
-75.88610,3.09849
-75.88586,3.09829
-75.88561,3.09809
-75.88537,3.09789
-75.88513,3.09769
-75.88489,3.09749
-75.88465,3.09728
-75.88441,3.09708
-75.88417,3.09688
-75.88393,3.09667
-75.88369,3.09647
-75.88345,3.09626
-75.88321,3.09606
-75.88297,3.09585
-75.88273,3.09565
-75.88249,3.09544
-75.88225,3.09524
-75.88201,3.09503
-75.88177,3.09482
-75.88154,3.09462
-75.88130,3.09441
-75.88106,3.09420
-75.88083,3.09399
-75.88059,3.09378
-75.88035,3.09358
-75.88012,3.09337
-75.87988,3.09316
-75.87965,3.09295
-75.87941,3.09274
-75.87918,3.09253
-75.87894,3.09232
-75.87871,3.09210
-75.87848,3.09189
-75.87824,3.09168
-75.87801,3.09147
-75.87778,3.09126
-75.87755,3.09104
-75.87731,3.09083
-75.87708,3.09062
-75.87685,3.09040
-75.87662,3.09019
-75.87639,3.08998
-75.87616,3.08976
-75.87593,3.08955
-75.87570,3.08933
-75.87547,3.08912
-75.87524,3.08890
-75.87501,3.08868
-75.87478,3.08847
-75.87455,3.08825
-75.87432,3.08803
-75.87410,3.08782
-75.87387,3.08760
-75.87364,3.08738
-75.87341,3.08716
-75.87319,3.08694
-75.87296,3.08672
-75.87273,3.08650
-75.87251,3.08629
-75.87228,3.08607
-75.87206,3.08584
-75.87183,3.08562
-75.87161,3.08540
-75.87138,3.08518
-75.87116,3.08496
-75.87094,3.08474
-75.87071,3.08452
-75.87049,3.08429
-75.87027,3.08407
-75.87005,3.08385
-75.86982,3.08363
-75.86960,3.08340
-75.86938,3.08318
-75.86916,3.08295
-75.86894,3.08273
-75.86872,3.08250
-75.86850,3.08228
-75.86828,3.08205
-75.86806,3.08183
-75.86784,3.08160
-75.86762,3.08137
-75.86740,3.08115
-75.86719,3.08092
-75.86697,3.08069
-75.86675,3.08047
-75.86653,3.08024
-75.86632,3.08001
-75.86610,3.07978
-75.86588,3.07955
-75.86567,3.07932
-75.86545,3.07909
-75.86524,3.07886
-75.86502,3.07863
-75.86481,3.07840
-75.86459,3.07817
-75.86438,3.07794
-75.86416,3.07771
-75.86395,3.07748
-75.86374,3.07725
-75.86353,3.07701
-75.86331,3.07678
-75.86310,3.07655
-75.86289,3.07632
-75.86268,3.07608
-75.86247,3.07585
-75.86226,3.07562
-75.86205,3.07538
-75.86184,3.07515
-75.86163,3.07491
-75.86142,3.07468
-75.86121,3.07444
-75.86100,3.07421
-75.86079,3.07397
-75.86058,3.07373
-75.86037,3.07350
-75.86017,3.07326
-75.85996,3.07302
-75.85975,3.07279
-75.85955,3.07255
-75.85934,3.07231
-75.85913,3.07207
-75.85893,3.07183
-75.85872,3.07160
-75.85852,3.07136
-75.85832,3.07112
-75.85811,3.07088
-75.85791,3.07064
-75.85770,3.07040
-75.85750,3.07016
-75.85730,3.06992
-75.85710,3.06968
-75.85689,3.06943
-75.85669,3.06919
-75.85649,3.06895
-75.85629,3.06871
-75.85609,3.06847
-75.85589,3.06822
-75.85569,3.06798
-75.85549,3.06774
-75.85529,3.06749
-75.85509,3.06725
-75.85489,3.06701
-75.85469,3.06676
-75.85450,3.06652
-75.85430,3.06627
-75.85410,3.06603
-75.85390,3.06578
-75.85371,3.06554
-75.85351,3.06529
-75.85332,3.06504
-75.85312,3.06480
-75.85292,3.06455
-75.85273,3.06430
-75.85254,3.06406
-75.85234,3.06381
-75.85215,3.06356
-75.85195,3.06331
-75.85176,3.06307
-75.85157,3.06282
-75.85138,3.06257
-75.85118,3.06232
-75.85099,3.06207
-75.85080,3.06182
-75.85061,3.06157
-75.85042,3.06132
-75.85023,3.06107
-75.85004,3.06082
-75.84985,3.06057
-75.84966,3.06032
-75.84947,3.06006
-75.84928,3.05981
-75.84909,3.05956
-75.84891,3.05931
-75.84872,3.05906
-75.84853,3.05880
-75.84834,3.05855
-75.84816,3.05830
-75.84797,3.05804
-75.84779,3.05779
-75.84760,3.05753
-75.84742,3.05728
-75.84723,3.05703
-75.84705,3.05677
-75.84686,3.05652
-75.84668,3.05626
-75.84650,3.05600
-75.84631,3.05575
-75.84613,3.05549
-75.84595,3.05524
-75.84577,3.05498
-75.84559,3.05472
-75.84540,3.05447
-75.84522,3.05421
-75.84504,3.05395
-75.84486,3.05369
-75.84468,3.05343
-75.84450,3.05318
-75.84433,3.05292
-75.84415,3.05266
-75.84397,3.05240
-75.84379,3.05214
-75.84361,3.05188
-75.84344,3.05162
-75.84326,3.05136
-75.84308,3.05110
-75.84291,3.05084
-75.84273,3.05058
-75.84256,3.05032
-75.84238,3.05006
-75.84221,3.04979
-75.84203,3.04953
-75.84186,3.04927
-75.84168,3.04901
-75.84151,3.04875
-75.84134,3.04848
-75.84117,3.04822
-75.84099,3.04796
-75.84082,3.04769
-75.84065,3.04743
-75.84048,3.04717
-75.84031,3.04690
-75.84014,3.04664
-75.83997,3.04637
-75.83980,3.04611
-75.83963,3.04584
-75.83946,3.04558
-75.83930,3.04531
-75.83913,3.04505
-75.83896,3.04478
-75.83879,3.04451
-75.83863,3.04425
-75.83846,3.04398
-75.83829,3.04371
-75.83813,3.04345
-75.83796,3.04318
-75.83780,3.04291
-75.83763,3.04264
-75.83747,3.04238
-75.83730,3.04211
-75.83714,3.04184
-75.83698,3.04157
-75.83682,3.04130
-75.83665,3.04103
-75.83649,3.04076
-75.83633,3.04049
-75.83617,3.04022
-75.83601,3.03995
-75.83585,3.03968
-75.83569,3.03941
-75.83553,3.03914
-75.83537,3.03887
-75.83521,3.03860
-75.83505,3.03833
-75.83489,3.03806
-75.83473,3.03779
-75.83458,3.03751
-75.83442,3.03724
-75.83426,3.03697
-75.83411,3.03670
-75.83395,3.03642
-75.83380,3.03615
-75.83364,3.03588
-75.83349,3.03560
-75.83333,3.03533
-75.83318,3.03506
-75.83302,3.03478
-75.83287,3.03451
-75.83272,3.03423
-75.83257,3.03396
-75.83241,3.03368
-75.83226,3.03341
-75.83211,3.03313
-75.83196,3.03286
-75.83181,3.03258
-75.83166,3.03230
-75.83151,3.03203
-75.83136,3.03175
-75.83121,3.03148
-75.83106,3.03120
-75.83091,3.03092
-75.83077,3.03064
-75.83062,3.03037
-75.83047,3.03009
-75.83032,3.02981
-75.83018,3.02953
-75.83003,3.02926
-75.82989,3.02898
-75.82974,3.02870
-75.82960,3.02842
-75.82945,3.02814
-75.82931,3.02786
-75.82916,3.02758
-75.82902,3.02730
-75.82888,3.02702
-75.82874,3.02674
-75.82859,3.02646
-75.82845,3.02618
-75.82831,3.02590
-75.82817,3.02562
-75.82803,3.02534
-75.82789,3.02506
-75.82775,3.02478
-75.82761,3.02449
-75.82747,3.02421
-75.82733,3.02393
-75.82720,3.02365
-75.82706,3.02337
-75.82692,3.02308
-75.82678,3.02280
-75.82665,3.02252
-75.82651,3.02224
-75.82638,3.02195
-75.82624,3.02167
-75.82610,3.02138
-75.82597,3.02110
-75.82584,3.02082
-75.82570,3.02053
-75.82557,3.02025
-75.82544,3.01996
-75.82530,3.01968
-75.82517,3.01939
-75.82504,3.01911
-75.82491,3.01882
-75.82478,3.01854
-75.82465,3.01825
-75.82452,3.01797
-75.82439,3.01768
-75.82426,3.01739
-75.82413,3.01711
-75.82400,3.01682
-75.82387,3.01654
-75.82374,3.01625
-75.82362,3.01596
-75.82349,3.01567
-75.82336,3.01539
-75.82324,3.01510
-75.82311,3.01481
-75.82298,3.01452
-75.82286,3.01424
-75.82273,3.01395
-75.82261,3.01366
-75.82249,3.01337
-75.82236,3.01308
-75.82224,3.01279
-75.82212,3.01250
-75.82200,3.01221
-75.82187,3.01192
-75.82175,3.01164
-75.82163,3.01135
-75.82151,3.01106
-75.82139,3.01077
-75.82127,3.01047
-75.82115,3.01018
-75.82103,3.00989
-75.82091,3.00960
-75.82080,3.00931
-75.82068,3.00902
-75.82056,3.00873
-75.82044,3.00844
-75.82033,3.00815
-75.82021,3.00786
-75.82009,3.00756
-75.81998,3.00727
-75.81986,3.00698
-75.81975,3.00669
-75.81964,3.00639
-75.81952,3.00610
-75.81941,3.00581
-75.81930,3.00552
-75.81918,3.00522
-75.81907,3.00493
-75.81896,3.00464
-75.81885,3.00434
-75.81874,3.00405
-75.81863,3.00376
-75.81852,3.00346
-75.81841,3.00317
-75.81830,3.00287
-75.81819,3.00258
-75.81808,3.00228
-75.81797,3.00199
-75.81786,3.00169
-75.81776,3.00140
-75.81765,3.00110
-75.81754,3.00081
-75.81744,3.00051
-75.81733,3.00022
-75.81723,2.99992
-75.81712,2.99963
-75.81702,2.99933
-75.81691,2.99903
-75.81681,2.99874
-75.81671,2.99844
-75.81660,2.99814
-75.81650,2.99785
-75.81640,2.99755
-75.81630,2.99725
-75.81620,2.99696
-75.81610,2.99666
-75.81600,2.99636
-75.81590,2.99606
-75.81580,2.99577
-75.81570,2.99547
-75.81560,2.99517
-75.81550,2.99487
-75.81540,2.99457
-75.81531,2.99427
-75.81521,2.99398
-75.81511,2.99368
-75.81502,2.99338
-75.81492,2.99308
-75.81483,2.99278
-75.81473,2.99248
-75.81464,2.99218
-75.81454,2.99188
-75.81445,2.99158
-75.81436,2.99128
-75.81426,2.99098
-75.81417,2.99068
-75.81408,2.99038
-75.81399,2.99008
-75.81390,2.98978
-75.81381,2.98948
-75.81372,2.98918
-75.81363,2.98888
-75.81354,2.98858
-75.81345,2.98828
-75.81336,2.98798
-75.81327,2.98768
-75.81318,2.98738
-75.81309,2.98707
-75.81301,2.98677
-75.81292,2.98647
-75.81284,2.98617
-75.81275,2.98587
-75.81266,2.98557
-75.81258,2.98526
-75.81249,2.98496
-75.81241,2.98466
-75.81233,2.98436
-75.81224,2.98405
-75.81216,2.98375
-75.81208,2.98345
-75.81200,2.98315
-75.81192,2.98284
-75.81183,2.98254
-75.81175,2.98224
-75.81167,2.98193
-75.81159,2.98163
-75.81151,2.98133
-75.81143,2.98102
-75.81136,2.98072
-75.81128,2.98041
-75.81120,2.98011
-75.81112,2.97981
-75.81105,2.97950
-75.81097,2.97920
-75.81089,2.97889
-75.81082,2.97859
-75.81074,2.97828
-75.81067,2.97798
-75.81059,2.97767
-75.81052,2.97737
-75.81045,2.97706
-75.81037,2.97676
-75.81030,2.97645
-75.81023,2.97615
-75.81016,2.97584
-75.81008,2.97554
-75.81001,2.97523
-75.80994,2.97493
-75.80987,2.97462
-75.80980,2.97431
-75.80973,2.97401
-75.80967,2.97370
-75.80960,2.97340
-75.80953,2.97309
-75.80946,2.97278
-75.80939,2.97248
-75.80933,2.97217
-75.80926,2.97186
-75.80919,2.97156
-75.80913,2.97125
-75.80906,2.97094
-75.80900,2.97064
-75.80894,2.97033
-75.80887,2.97002
-75.80881,2.96971
-75.80875,2.96941
-75.80868,2.96910
-75.80862,2.96879
-75.80856,2.96848
-75.80850,2.96818
-75.80844,2.96787
-75.80838,2.96756
-75.80832,2.96725
-75.80826,2.96695
-75.80820,2.96664
-75.80814,2.96633
-75.80808,2.96602
-75.80802,2.96571
-75.80797,2.96540
-75.80791,2.96510
-75.80785,2.96479
-75.80780,2.96448
-75.80774,2.96417
-75.80768,2.96386
-75.80763,2.96355
-75.80758,2.96324
-75.80752,2.96293
-75.80747,2.96262
-75.80741,2.96232
-75.80736,2.96201
-75.80731,2.96170
-75.80726,2.96139
-75.80721,2.96108
-75.80716,2.96077
-75.80710,2.96046
-75.80705,2.96015
-75.80700,2.95984
-75.80696,2.95953
-75.80691,2.95922
-75.80686,2.95891
-75.80681,2.95860
-75.80676,2.95829
-75.80672,2.95798
-75.80667,2.95767
-75.80662,2.95736
-75.80658,2.95705
-75.80653,2.95674
-75.80649,2.95643
-75.80644,2.95612
-75.80640,2.95581
-75.80635,2.95550
-75.80631,2.95519
-75.80627,2.95488
-75.80623,2.95456
-75.80618,2.95425
-75.80614,2.95394
-75.80610,2.95363
-75.80606,2.95332
-75.80602,2.95301
-75.80598,2.95270
-75.80594,2.95239
-75.80590,2.95208
-75.80586,2.95176
-75.80582,2.95145
-75.80579,2.95114
-75.80575,2.95083
-75.80571,2.95052
-75.80568,2.95021
-75.80564,2.94990
-75.80560,2.94958
-75.80557,2.94927
-75.80553,2.94896
-75.80550,2.94865
-75.80547,2.94834
-75.80543,2.94803
-75.80540,2.94771
-75.80537,2.94740
-75.80534,2.94709
-75.80530,2.94678
-75.80527,2.94647
-75.80524,2.94615
-75.80521,2.94584
-75.80518,2.94553
-75.80515,2.94522
-75.80512,2.94490
-75.80509,2.94459
-75.80507,2.94428
-75.80504,2.94397
-75.80501,2.94365
-75.80498,2.94334
-75.80496,2.94303
-75.80493,2.94272
-75.80491,2.94240
-75.80488,2.94209
-75.80486,2.94178
-75.80483,2.94147
-75.80481,2.94115
-75.80478,2.94084
-75.80476,2.94053
-75.80474,2.94022
-75.80472,2.93990
-75.80469,2.93959
-75.80467,2.93928
-75.80465,2.93896
-75.80463,2.93865
-75.80461,2.93834
-75.80459,2.93802
-75.80457,2.93771
-75.80455,2.93740
-75.80453,2.93709
-75.80452,2.93677
-75.80450,2.93646
-75.80448,2.93615
-75.80447,2.93583
-75.80445,2.93552
-75.80443,2.93521
-75.80442,2.93489
-75.80440,2.93458
-75.80439,2.93427
-75.80438,2.93395
-75.80436,2.93364
-75.80435,2.93333
-75.80434,2.93301
-75.80432,2.93270
-75.80431,2.93239
-75.80430,2.93207
-75.80429,2.93176
-75.80428,2.93145
-75.80427,2.93113
-75.80426,2.93082
-75.80425,2.93051
-75.80424,2.93019
-75.80423,2.92988
-75.80422,2.92956
-75.80422,2.92925
-75.80421,2.92894
-75.80420,2.92862
-75.80420,2.92831
-75.80419,2.92800
-75.80419,2.92768
-75.80418,2.92737
-75.80418,2.92706
-75.80417,2.92674
-75.80417,2.92643
-75.80417,2.92612
-75.80416,2.92580
-75.80416,2.92549
-75.80416,2.92517
-75.80416,2.92486
-75.80416,2.92455
-75.80416,2.92423
-75.80416,2.92392