"Obspop","rank 1",2974
-76.38468,2.10069
-76.38621,2.09923
-76.38775,2.09779
-76.38930,2.09634
-76.39072,2.09503
-76.39227,2.09359
-76.39383,2.09216
-76.39539,2.09074
-76.39682,2.08944
-76.39839,2.08803
-76.39996,2.08662
-76.40154,2.08522
-76.40299,2.08394
-76.40457,2.08254
-76.40616,2.08116
-76.40775,2.07978
-76.40921,2.07851
-76.41081,2.07714
-76.41241,2.07578
-76.41402,2.07442
-76.41549,2.07318
-76.41710,2.07183
-76.41872,2.07049
-76.42034,2.06915
-76.42182,2.06793
-76.42345,2.06661
-76.42507,2.06529
-76.42670,2.06398
-76.42820,2.06278
-76.42983,2.06148
-76.43133,2.06029
-76.43297,2.05900
-76.43448,2.05783
-76.43613,2.05655
-76.43777,2.05528
-76.43942,2.05402
-76.44094,2.05287
-76.44259,2.05162
-76.44425,2.05037
-76.44591,2.04914
-76.44743,2.04801
-76.44909,2.04679
-76.45076,2.04557
-76.45242,2.04436
-76.45395,2.04326
-76.45562,2.04206
-76.45730,2.04087
-76.45897,2.03969
-76.46051,2.03861
-76.46218,2.03744
-76.46386,2.03628
-76.46554,2.03513
-76.46708,2.03407
-76.46876,2.03293
-76.47044,2.03180
-76.47213,2.03068
-76.47367,2.02965
-76.47536,2.02854
-76.47705,2.02744
-76.47873,2.02634
-76.48028,2.02535
-76.48197,2.02427
-76.48352,2.02328
-76.48521,2.02222
-76.48676,2.02125
-76.48845,2.02020
-76.49015,2.01915
-76.49184,2.01812
-76.49339,2.01718
-76.49508,2.01616
-76.49677,2.01515
-76.49847,2.01414
-76.50002,2.01323
-76.50171,2.01224
-76.50341,2.01127
-76.50510,2.01029
-76.50665,2.00941
-76.50834,2.00846
-76.51003,2.00751
-76.51173,2.00657
-76.51328,2.00572
-76.51412,2.00526
-76.51497,2.00480
-76.51581,2.00434
-76.51666,2.00389
-76.51750,2.00343
-76.51835,2.00298
-76.51989,2.00216
-76.52074,2.00171
-76.52158,2.00127
-76.52242,2.00083
-76.52327,2.00039
-76.52411,1.99996
-76.52495,1.99952
-76.52650,1.99873
-76.52734,1.99830
-76.52818,1.99788
-76.52902,1.99745
-76.52986,1.99703
-76.53070,1.99661
-76.53154,1.99620
-76.53308,1.99544
-76.53392,1.99503
-76.53476,1.99462
-76.53630,1.99388
-76.53714,1.99347
-76.53798,1.99307
-76.53951,1.99235
-76.54035,1.99195
-76.54119,1.99156
-76.54202,1.99117
-76.54286,1.99079
-76.54369,1.99040
-76.54453,1.99002
-76.54606,1.98932
-76.54689,1.98895
-76.54772,1.98858
-76.54855,1.98820
-76.54939,1.98784
-76.55022,1.98747
-76.55105,1.98711
-76.55257,1.98644
-76.55340,1.98609
-76.55423,1.98573
-76.55506,1.98538
-76.55588,1.98503
-76.55671,1.98468
-76.55754,1.98433
-76.55905,1.98371
-76.55988,1.98337
-76.56070,1.98303
-76.56152,1.98269
-76.56235,1.98236
-76.56317,1.98203
-76.56399,1.98170
-76.56550,1.98111
-76.56632,1.98079
-76.56714,1.98047
-76.56796,1.98015
-76.56877,1.97984
-76.56959,1.97953
-76.57041,1.97922
-76.57190,1.97866
-76.57272,1.97836
-76.57353,1.97806
-76.57434,1.97776
-76.57516,1.97747
-76.57597,1.97717
-76.57678,1.97688
-76.57826,1.97636
-76.57907,1.97607
-76.57988,1.97579
-76.58069,1.97551
-76.58149,1.97524
-76.58230,1.97497
-76.58310,1.97469
-76.58458,1.97420
-76.58538,1.97394
-76.58618,1.97368
-76.58765,1.97320
-76.58845,1.97295
-76.58924,1.97270
-76.59071,1.97224
-76.59150,1.97199
-76.59230,1.97175
-76.59309,1.97151
-76.59388,1.97127
-76.59467,1.97104
-76.59547,1.97080
-76.59691,1.97038
-76.59770,1.97016
-76.59849,1.96993
-76.59927,1.96971
-76.60006,1.96949
-76.60084,1.96928
-76.60163,1.96906
-76.60306,1.96868
-76.60384,1.96847
-76.60462,1.96826
-76.60540,1.96806
-76.60618,1.96786
-76.60695,1.96767
-76.60773,1.96747
-76.60850,1.96728
-76.60915,1.96712
-76.60992,1.96694
-76.61069,1.96675
-76.61146,1.96657
-76.61223,1.96639
-76.61299,1.96621
-76.61376,1.96604
-76.61453,1.96587
-76.61516,1.96572
-76.61593,1.96556
-76.61669,1.96539
-76.61745,1.96523
-76.61821,1.96507
-76.61897,1.96491
-76.61973,1.96476
-76.62048,1.96461
-76.62111,1.96448
-76.62186,1.96433
-76.62262,1.96419
-76.62337,1.96404
-76.62412,1.96390
-76.62487,1.96377
-76.62562,1.96363
-76.62636,1.96350
-76.62698,1.96339
-76.62773,1.96326
-76.62847,1.96314
-76.62921,1.96302
-76.62995,1.96290
-76.63069,1.96278
-76.63143,1.96266
-76.63217,1.96255
-76.63278,1.96246
-76.63351,1.96235
-76.63425,1.96225
-76.63498,1.96214
-76.63559,1.96206
-76.63632,1.96196
-76.63704,1.96187
-76.63777,1.96177
-76.63837,1.96170
-76.63910,1.96161
-76.63982,1.96152
-76.64054,1.96144
-76.64126,1.96136
-76.64198,1.96128
-76.64270,1.96121
-76.64341,1.96113
-76.64401,1.96108
-76.64472,1.96101
-76.64543,1.96094
-76.64614,1.96088
-76.64685,1.96082
-76.64756,1.96076
-76.64826,1.96071
-76.64897,1.96065
-76.64955,1.96061
-76.65025,1.96056
-76.65095,1.96052
-76.65165,1.96047
-76.65235,1.96043
-76.65304,1.96040
-76.65374,1.96036
-76.65443,1.96033
-76.65501,1.96030
-76.65569,1.96028
-76.65638,1.96025
-76.65707,1.96023
-76.65775,1.96021
-76.65844,1.96019
-76.65912,1.96018
-76.65980,1.96016
-76.66036,1.96015
-76.66104,1.96015
-76.66172,1.96014
-76.66239,1.96014
-76.66306,1.96014
-76.66373,1.96014
-76.66440,1.96015
-76.66507,1.96016
-76.66563,1.96016
-76.66629,1.96018
-76.66695,1.96019
-76.66761,1.96021
-76.66827,1.96023
-76.66893,1.96025
-76.66959,1.96028
-76.67024,1.96031
-76.67079,1.96033
-76.67144,1.96036
-76.67209,1.96040
-76.67273,1.96044
-76.67338,1.96048
-76.67403,1.96052
-76.67467,1.96057
-76.67531,1.96061
-76.67584,1.96066
-76.67648,1.96071
-76.67712,1.96076
-76.67775,1.96082
-76.67828,1.96087
-76.67891,1.96093
-76.67954,1.96100
-76.68017,1.96107
-76.68069,1.96113
-76.68131,1.96120
-76.68193,1.96127
-76.68255,1.96135
-76.68317,1.96143
-76.68379,1.96151
-76.68441,1.96160
-76.68502,1.96169
-76.68553,1.96176
-76.68614,1.96186
-76.68675,1.96195
-76.68735,1.96205
-76.68796,1.96215
-76.68856,1.96225
-76.68916,1.96236
-76.68976,1.96247
-76.69026,1.96256
-76.69085,1.96267
-76.69145,1.96279
-76.69204,1.96290
-76.69263,1.96302
-76.69321,1.96315
-76.69380,1.96327
-76.69438,1.96340
-76.69487,1.96351
-76.69545,1.96364
-76.69603,1.96378
-76.69660,1.96391
-76.69718,1.96405
-76.69775,1.96420
-76.69832,1.96434
-76.69889,1.96449
-76.69936,1.96461
-76.69993,1.96477
-76.70049,1.96492
-76.70105,1.96508
-76.70161,1.96524
-76.70217,1.96540
-76.70272,1.96557
-76.70328,1.96573
-76.70374,1.96588
-76.70429,1.96605
-76.70483,1.96622
-76.70538,1.96640
-76.70592,1.96658
-76.70646,1.96676
-76.70700,1.96695
-76.70754,1.96714
-76.70798,1.96729
-76.70852,1.96748
-76.70905,1.96768
-76.70958,1.96788
-76.71011,1.96808
-76.71063,1.96828
-76.71115,1.96848
-76.71167,1.96869
-76.71211,1.96886
-76.71262,1.96907
-76.71314,1.96929
-76.71365,1.96951
-76.71408,1.96969
-76.71459,1.96991
-76.71509,1.97013
-76.71560,1.97036
-76.71602,1.97055
-76.71652,1.97078
-76.71702,1.97101
-76.71751,1.97125
-76.71801,1.97148
-76.71850,1.97173
-76.71899,1.97197
-76.71948,1.97221
-76.71988,1.97242
-76.72036,1.97267
-76.72085,1.97292
-76.72133,1.97318
-76.72180,1.97343
-76.72228,1.97369
-76.72275,1.97396
-76.72322,1.97422
-76.72361,1.97444
-76.72408,1.97471
-76.72454,1.97498
-76.72500,1.97526
-76.72546,1.97553
-76.72592,1.97581
-76.72638,1.97609
-76.72683,1.97638
-76.72721,1.97661
-76.72766,1.97690
-76.72810,1.97719
-76.72855,1.97748
-76.72899,1.97778
-76.72943,1.97808
-76.72987,1.97838
-76.73030,1.97868
-76.73066,1.97893
-76.73109,1.97924
-76.73152,1.97955
-76.73195,1.97986
-76.73237,1.98017
-76.73280,1.98049
-76.73322,1.98081
-76.73363,1.98113
-76.73398,1.98140
-76.73439,1.98172
-76.73480,1.98205
-76.73521,1.98238
-76.73562,1.98272
-76.73602,1.98305
-76.73642,1.98339
-76.73682,1.98373
-76.73715,1.98401
-76.73755,1.98435
-76.73794,1.98470
-76.73833,1.98505
-76.73872,1.98540
-76.73910,1.98575
-76.73949,1.98611
-76.73987,1.98647
-76.74018,1.98677
-76.74056,1.98713
-76.74093,1.98749
-76.74130,1.98786
-76.74161,1.98817
-76.74198,1.98854
-76.74234,1.98891
-76.74271,1.98929
-76.74301,1.98960
-76.74336,1.98998
-76.74372,1.99036
-76.74407,1.99075
-76.74442,1.99113
-76.74477,1.99152
-76.74512,1.99191
-76.74546,1.99231
-76.74574,1.99263
-76.74608,1.99303
-76.74642,1.99343
-76.74675,1.99383
-76.74709,1.99424
-76.74742,1.99464
-76.74774,1.99505
-76.74807,1.99546
-76.74833,1.99581
-76.74865,1.99622
-76.74897,1.99664
-76.74929,1.99706
-76.74960,1.99748
-76.74991,1.99790
-76.75022,1.99833
-76.75052,1.99876
-76.75077,1.99912
-76.75107,1.99955
-76.75137,1.99998
-76.75167,2.00042
-76.75196,2.00086
-76.75225,2.00130
-76.75254,2.00174
-76.75282,2.00219
-76.75306,2.00256
-76.75334,2.00301
-76.75362,2.00346
-76.75389,2.00391
-76.75417,2.00437
-76.75444,2.00483
-76.75471,2.00529
-76.75497,2.00575
-76.75519,2.00614
-76.75545,2.00660
-76.75571,2.00707
-76.75597,2.00754
-76.75622,2.00801
-76.75647,2.00849
-76.75672,2.00896
-76.75697,2.00944
-76.75717,2.00984
-76.75741,2.01032
-76.75765,2.01081
-76.75788,2.01130
-76.75812,2.01178
-76.75835,2.01228
-76.75858,2.01277
-76.75880,2.01326
-76.75899,2.01368
-76.75921,2.01418
-76.75943,2.01468
-76.75964,2.01518
-76.75982,2.01560
-76.76003,2.01611
-76.76024,2.01661
-76.76045,2.01712
-76.76062,2.01755
-76.76082,2.01806
-76.76102,2.01858
-76.76121,2.01910
-76.76141,2.01962
-76.76160,2.02014
-76.76179,2.02067
-76.76197,2.02119
-76.76213,2.02163
-76.76231,2.02216
-76.76249,2.02269
-76.76266,2.02323
-76.76283,2.02376
-76.76301,2.02430
-76.76317,2.02484
-76.76334,2.02538
-76.76347,2.02583
-76.76364,2.02638
-76.76379,2.02692
-76.76395,2.02747
-76.76410,2.02802
-76.76425,2.02858
-76.76440,2.02913
-76.76454,2.02969
-76.76466,2.03015
-76.76480,2.03071
-76.76494,2.03127
-76.76508,2.03184
-76.76521,2.03240
-76.76534,2.03297
-76.76547,2.03354
-76.76559,2.03411
-76.76569,2.03459
-76.76581,2.03516
-76.76593,2.03574
-76.76604,2.03632
-76.76615,2.03690
-76.76626,2.03748
-76.76637,2.03806
-76.76647,2.03865
-76.76656,2.03914
-76.76666,2.03972
-76.76675,2.04031
-76.76685,2.04091
-76.76694,2.04150
-76.76703,2.04210
-76.76711,2.04269
-76.76719,2.04329
-76.76726,2.04379
-76.76734,2.04440
-76.76742,2.04500
-76.76749,2.04561
-76.76756,2.04621
-76.76763,2.04682
-76.76769,2.04744
-76.76775,2.04805
-76.76780,2.04856
-76.76786,2.04918
-76.76792,2.04979
-76.76797,2.05041
-76.76801,2.05093
-76.76806,2.05155
-76.76810,2.05218
-76.76814,2.05280
-76.76818,2.05333
-76.76821,2.05395
-76.76825,2.05459
-76.76828,2.05522
-76.76831,2.05585
-76.76833,2.05649
-76.76836,2.05712
-76.76838,2.05776
-76.76840,2.05830
-76.76841,2.05894
-76.76843,2.05958
-76.76844,2.06023
-76.76844,2.06087
-76.76845,2.06152
-76.76845,2.06217
-76.76845,2.06282
-76.76845,2.06336
-76.76845,2.06402
-76.76844,2.06467
-76.76843,2.06533
-76.76842,2.06599
-76.76840,2.06665
-76.76838,2.06731
-76.76836,2.06797
-76.76834,2.06853
-76.76832,2.06919
-76.76829,2.06986
-76.76826,2.07053
-76.76823,2.07120
-76.76819,2.07187
-76.76815,2.07255
-76.76811,2.07322
-76.76807,2.07378
-76.76803,2.07446
-76.76798,2.07514
-76.76793,2.07582
-76.76787,2.07650
-76.76782,2.07719
-76.76776,2.07787
-76.76770,2.07856
-76.76764,2.07913
-76.76757,2.07982
-76.76750,2.08051
-76.76743,2.08120
-76.76736,2.08189
-76.76728,2.08259
-76.76720,2.08328
-76.76712,2.08398
-76.76705,2.08456
-76.76696,2.08526
-76.76687,2.08596
-76.76677,2.08666
-76.76668,2.08737
-76.76658,2.08807
-76.76648,2.08878
-76.76638,2.08949
-76.76629,2.09008
-76.76618,2.09079
-76.76607,2.09150
-76.76595,2.09221
-76.76586,2.09280
-76.76574,2.09352
-76.76562,2.09423
-76.76549,2.09495
-76.76539,2.09555
-76.76526,2.09627
-76.76513,2.09699
-76.76500,2.09771
-76.76486,2.09844
-76.76472,2.09916
-76.76458,2.09988
-76.76443,2.10061
-76.76431,2.10122
-76.76416,2.10195
-76.76401,2.10268
-76.76386,2.10341
-76.76370,2.10414
-76.76354,2.10487
-76.76338,2.10561
-76.76321,2.10634
-76.76307,2.10696
-76.76290,2.10770
-76.76273,2.10844
-76.76256,2.10918
-76.76238,2.10992
-76.76220,2.11066
-76.76202,2.11140
-76.76183,2.11215
-76.76167,2.11277
-76.76148,2.11352
-76.76129,2.11426
-76.76110,2.11501
-76.76090,2.11576
-76.76070,2.11651
-76.76050,2.11726
-76.76029,2.11802
-76.76012,2.11864
-76.75991,2.11940
-76.75969,2.12015
-76.75948,2.12091
-76.75926,2.12167
-76.75904,2.12243
-76.75882,2.12319
-76.75859,2.12395
-76.75840,2.12458
-76.75817,2.12534
-76.75794,2.12611
-76.75770,2.12687
-76.75746,2.12764
-76.75722,2.12840
-76.75698,2.12917
-76.75653,2.13058
-76.75628,2.13135
-76.75603,2.13212
-76.75577,2.13289
-76.75551,2.13366
-76.75525,2.13443
-76.75499,2.13521
-76.75450,2.13663
-76.75423,2.13741
-76.75396,2.13818
-76.75345,2.13961
-76.75317,2.14039
-76.75289,2.14117
-76.75236,2.14260
-76.75207,2.14338
-76.75178,2.14417
-76.75149,2.14495
-76.75119,2.14574
-76.75089,2.14652
-76.75059,2.14731
-76.75003,2.14875
-76.74972,2.14954
-76.74941,2.15033
-76.74910,2.15112
-76.74878,2.15191
-76.74846,2.15270
-76.74814,2.15349
-76.74755,2.15494
-76.74722,2.15574
-76.74689,2.15653
-76.74655,2.15732
-76.74622,2.15812
-76.74588,2.15892
-76.74554,2.15971
-76.74491,2.16117
-76.74456,2.16197
-76.74421,2.16277
-76.74386,2.16357
-76.74351,2.16437
-76.74315,2.16517
-76.74279,2.16597
-76.74212,2.16744
-76.74176,2.16825
-76.74139,2.16905
-76.74102,2.16985
-76.74064,2.17066
-76.74027,2.17146
-76.73989,2.17227
-76.73919,2.17375
-76.73881,2.17455
-76.73842,2.17536
-76.73803,2.17617
-76.73764,2.17697
-76.73724,2.17778
-76.73685,2.17859
-76.73611,2.18008
-76.73571,2.18089
-76.73530,2.18170
-76.73490,2.18251
-76.73449,2.18332
-76.73407,2.18413
-76.73366,2.18494
-76.73289,2.18643
-76.73247,2.18724
-76.73205,2.18806
-76.73126,2.18955
-76.73083,2.19036
-76.73040,2.19118
-76.72960,2.19267
-76.72916,2.19349
-76.72872,2.19430
-76.72828,2.19512
-76.72783,2.19593
-76.72738,2.19675
-76.72693,2.19757
-76.72610,2.19906
-76.72565,2.19988
-76.72519,2.20070
-76.72473,2.20152
-76.72426,2.20233
-76.72380,2.20315
-76.72333,2.20397
-76.72247,2.20547
-76.72199,2.20629
-76.72152,2.20711
-76.72104,2.20793
-76.72056,2.20875
-76.72007,2.20956
-76.71959,2.21038
-76.71869,2.21189
-76.71820,2.21271
-76.71771,2.21352
-76.71721,2.21434
-76.71672,2.21516
-76.71622,2.21598
-76.71571,2.21680
-76.71479,2.21831
-76.71377,2.21995
-76.71274,2.22159
-76.71171,2.22323
-76.71075,2.22473
-76.70970,2.22637
-76.70864,2.22801
-76.70757,2.22965
-76.70659,2.23115
-76.70550,2.23279
-76.70441,2.23443
-76.70331,2.23607
-76.70230,2.23757
-76.70118,2.23920
-76.70015,2.24070
-76.69902,2.24234
-76.69798,2.24384
-76.69683,2.24547
-76.69568,2.24710
-76.69452,2.24873
-76.69345,2.25023
-76.69227,2.25186
-76.69109,2.25348
-76.68990,2.25511
-76.68880,2.25660
-76.68759,2.25822
-76.68638,2.25985
-76.68516,2.26147
-76.68403,2.26295
-76.68280,2.26457
-76.68156,2.26619
-76.68031,2.26780
-76.67916,2.26928
-76.67790,2.27089
-76.67663,2.27250
-76.67535,2.27411
-76.67417,2.27558
-76.67288,2.27718
-76.67159,2.27878
-76.67028,2.28038
-76.66908,2.28184
-76.66777,2.28344
-76.66644,2.28503
-76.66511,2.28662
-76.66389,2.28807
-76.66255,2.28965
-76.66131,2.29110
-76.65995,2.29268
-76.65871,2.29413
-76.65734,2.29570
-76.65597,2.29727
-76.65459,2.29884
-76.65332,2.30027
-76.65193,2.30183
-76.65053,2.30339
-76.64913,2.30495
-76.64784,2.30637
-76.64642,2.30792
-76.64500,2.30946
-76.64358,2.31100
-76.64226,2.31241
-76.64083,2.31395
-76.63939,2.31548
-76.63794,2.31701
-76.63661,2.31840
-76.63515,2.31992
-76.63368,2.32144
-76.63221,2.32295
-76.63086,2.32433
-76.62938,2.32584
-76.62790,2.32734
-76.62641,2.32883
-76.62504,2.33020
-76.62354,2.33169
-76.62204,2.33317
-76.62053,2.33465
-76.61914,2.33600
-76.61762,2.33747
-76.61623,2.33882
-76.61470,2.34028
-76.61330,2.34162
-76.61176,2.34307
-76.61022,2.34452
-76.60868,2.34596
-76.60726,2.34728
-76.60571,2.34871
-76.60415,2.35014
-76.60259,2.35156
-76.60115,2.35286
-76.59959,2.35427
-76.59801,2.35568
-76.59644,2.35709
-76.59499,2.35837
-76.59340,2.35976
-76.59182,2.36115
-76.59023,2.36253
-76.58876,2.36379
-76.58717,2.36516
-76.58556,2.36652
-76.58396,2.36788
-76.58248,2.36912
-76.58087,2.37047
-76.57926,2.37181
-76.57764,2.37315
-76.57615,2.37437
-76.57453,2.37570
-76.57290,2.37701
-76.57127,2.37833
-76.56978,2.37952
-76.56814,2.38082
-76.56664,2.38201
-76.56500,2.38330
-76.56350,2.38447
-76.56185,2.38575
-76.56020,2.38702
-76.55855,2.38828
-76.55704,2.38943
-76.55538,2.39069
-76.55373,2.39193
-76.55207,2.39317
-76.55055,2.39429
-76.54888,2.39552
-76.54722,2.39673
-76.54555,2.39794
-76.54402,2.39905
-76.54235,2.40024
-76.54068,2.40143
-76.53901,2.40262
-76.53747,2.40369
-76.53580,2.40486
-76.53412,2.40602
-76.53244,2.40718
-76.53090,2.40823
-76.52922,2.40937
-76.52753,2.41050
-76.52585,2.41163
-76.52430,2.41265
-76.52262,2.41376
-76.52093,2.41486
-76.51924,2.41596
-76.51769,2.41696
-76.51601,2.41804
-76.51446,2.41902
-76.51277,2.42009
-76.51122,2.42106
-76.50952,2.42211
-76.50783,2.42315
-76.50614,2.42418
-76.50459,2.42513
-76.50290,2.42614
-76.50120,2.42716
-76.49951,2.42816
-76.49796,2.42907
-76.49626,2.43006
-76.49457,2.43104
-76.49288,2.43201
-76.49133,2.43289
-76.48963,2.43385
-76.48794,2.43479
-76.48625,2.43573
-76.48470,2.43658
-76.48386,2.43704
-76.48301,2.43750
-76.48217,2.43796
-76.48132,2.43842
-76.48048,2.43887
-76.47963,2.43932
-76.47808,2.44014
-76.47724,2.44059
-76.47640,2.44103
-76.47555,2.44147
-76.47471,2.44191
-76.47387,2.44235
-76.47302,2.44278
-76.47148,2.44357
-76.47064,2.44400
-76.46980,2.44443
-76.46895,2.44485
-76.46811,2.44527
-76.46727,2.44569
-76.46643,2.44611
-76.46489,2.44687
-76.46405,2.44728
-76.46321,2.44768
-76.46168,2.44843
-76.46084,2.44883
-76.46000,2.44923
-76.45846,2.44996
-76.45763,2.45035
-76.45679,2.45074
-76.45596,2.45113
-76.45512,2.45152
-76.45429,2.45190
-76.45345,2.45228
-76.45192,2.45298
-76.45109,2.45335
-76.45026,2.45373
-76.44942,2.45410
-76.44859,2.45447
-76.44776,2.45483
-76.44693,2.45520
-76.44541,2.45586
-76.44458,2.45622
-76.44375,2.45657
-76.44292,2.45692
-76.44209,2.45728
-76.44127,2.45762
-76.44044,2.45797
-76.43893,2.45860
-76.43810,2.45894
-76.43728,2.45927
-76.43645,2.45961
-76.43563,2.45994
-76.43481,2.46027
-76.43398,2.46060
-76.43248,2.46119
-76.43166,2.46151
-76.43084,2.46183
-76.43002,2.46215
-76.42920,2.46246
-76.42839,2.46277
-76.42757,2.46308
-76.42607,2.46364
-76.42526,2.46394
-76.42445,2.46424
-76.42363,2.46454
-76.42282,2.46484
-76.42201,2.46513
-76.42120,2.46542
-76.41971,2.46595
-76.41890,2.46623
-76.41810,2.46651
-76.41729,2.46679
-76.41648,2.46706
-76.41568,2.46734
-76.41487,2.46761
-76.41340,2.46810
-76.41260,2.46836
-76.41180,2.46863
-76.41033,2.46910
-76.40953,2.46935
-76.40873,2.46961
-76.40727,2.47006
-76.40648,2.47031
-76.40568,2.47055
-76.40489,2.47079
-76.40409,2.47103
-76.40330,2.47127
-76.40251,2.47150
-76.40106,2.47192
-76.40028,2.47215
-76.39949,2.47237
-76.39870,2.47259
-76.39792,2.47281
-76.39713,2.47303
-76.39635,2.47324
-76.39492,2.47363
-76.39414,2.47383
-76.39336,2.47404
-76.39258,2.47424
-76.39180,2.47444
-76.39103,2.47464
-76.39025,2.47483
-76.38948,2.47502
-76.38883,2.47518
-76.38806,2.47537
-76.38729,2.47555
-76.38652,2.47573
-76.38575,2.47591
-76.38498,2.47609
-76.38422,2.47627
-76.38345,2.47644
-76.38281,2.47658
-76.38205,2.47675
-76.38129,2.47691
-76.38053,2.47707
-76.37977,2.47723
-76.37901,2.47739
-76.37825,2.47755
-76.37750,2.47770
-76.37687,2.47782
-76.37611,2.47797
-76.37536,2.47812
-76.37461,2.47826
-76.37386,2.47840
-76.37311,2.47854
-76.37236,2.47867
-76.37161,2.47880
-76.37099,2.47891
-76.37025,2.47904
-76.36951,2.47916
-76.36876,2.47929
-76.36802,2.47941
-76.36728,2.47953
-76.36655,2.47964
-76.36581,2.47975
-76.36520,2.47984
-76.36446,2.47995
-76.36373,2.48006
-76.36300,2.48016
-76.36239,2.48024
-76.36166,2.48034
-76.36093,2.48044
-76.36021,2.48053
-76.35960,2.48061
-76.35888,2.48069
-76.35816,2.48078
-76.35744,2.48086
-76.35672,2.48094
-76.35600,2.48102
-76.35528,2.48110
-76.35457,2.48117
-76.35397,2.48123
-76.35326,2.48130
-76.35255,2.48136
-76.35184,2.48142
-76.35113,2.48148
-76.35042,2.48154
-76.34971,2.48160
-76.34901,2.48165
-76.34843,2.48169
-76.34772,2.48174
-76.34702,2.48179
-76.34633,2.48183
-76.34563,2.48187
-76.34493,2.48191
-76.34424,2.48194
-76.34355,2.48197
-76.34297,2.48200
-76.34228,2.48203
-76.34159,2.48205
-76.34091,2.48208
-76.34022,2.48210
-76.33954,2.48211
-76.33886,2.48213
-76.33818,2.48214
-76.33761,2.48215
-76.33694,2.48216
-76.33626,2.48216
-76.33559,2.48216
-76.33491,2.48216
-76.33424,2.48216
-76.33357,2.48216
-76.33291,2.48215
-76.33235,2.48214
-76.33169,2.48213
-76.33102,2.48211
-76.33036,2.48209
-76.32970,2.48207
-76.32905,2.48205
-76.32839,2.48203
-76.32774,2.48200
-76.32719,2.48197
-76.32654,2.48194
-76.32589,2.48190
-76.32524,2.48187
-76.32460,2.48183
-76.32395,2.48178
-76.32331,2.48174
-76.32267,2.48169
-76.32214,2.48165
-76.32150,2.48159
-76.32086,2.48154
-76.32023,2.48148
-76.31970,2.48143
-76.31907,2.48137
-76.31844,2.48130
-76.31781,2.48124
-76.31729,2.48118
-76.31667,2.48110
-76.31604,2.48103
-76.31542,2.48095
-76.31480,2.48087
-76.31419,2.48079
-76.31357,2.48070
-76.31296,2.48061
-76.31245,2.48054
-76.31184,2.48045
-76.31123,2.48035
-76.31062,2.48025
-76.31002,2.48015
-76.30942,2.48005
-76.30882,2.47995
-76.30822,2.47984
-76.30772,2.47975
-76.30712,2.47963
-76.30653,2.47952
-76.30594,2.47940
-76.30535,2.47928
-76.30476,2.47916
-76.30418,2.47903
-76.30359,2.47890
-76.30311,2.47880
-76.30253,2.47866
-76.30195,2.47853
-76.30137,2.47839
-76.30080,2.47825
-76.30023,2.47811
-76.29965,2.47796
-76.29909,2.47781
-76.29861,2.47769
-76.29805,2.47754
-76.29749,2.47738
-76.29692,2.47722
-76.29637,2.47706
-76.29581,2.47690
-76.29525,2.47674
-76.29470,2.47657
-76.29424,2.47643
-76.29369,2.47625
-76.29314,2.47608
-76.29260,2.47590
-76.29206,2.47572
-76.29151,2.47554
-76.29098,2.47536
-76.29044,2.47517
-76.28999,2.47501
-76.28946,2.47482
-76.28893,2.47462
-76.28840,2.47443
-76.28787,2.47423
-76.28735,2.47403
-76.28682,2.47382
-76.28630,2.47361
-76.28587,2.47344
-76.28535,2.47323
-76.28484,2.47301
-76.28433,2.47280
-76.28390,2.47262
-76.28339,2.47239
-76.28288,2.47217
-76.28238,2.47195
-76.28196,2.47175
-76.28146,2.47152
-76.28096,2.47129
-76.28046,2.47106
-76.27997,2.47082
-76.27948,2.47058
-76.27899,2.47033
-76.27850,2.47009
-76.27810,2.46988
-76.27761,2.46963
-76.27713,2.46938
-76.27665,2.46913
-76.27617,2.46887
-76.27570,2.46861
-76.27523,2.46835
-76.27476,2.46808
-76.27437,2.46786
-76.27390,2.46759
-76.27343,2.46732
-76.27297,2.46705
-76.27251,2.46677
-76.27205,2.46649
-76.27160,2.46621
-76.27115,2.46593
-76.27077,2.46569
-76.27032,2.46540
-76.26987,2.46511
-76.26943,2.46482
-76.26899,2.46452
-76.26855,2.46423
-76.26811,2.46393
-76.26768,2.46362
-76.26731,2.46337
-76.26688,2.46306
-76.26645,2.46275
-76.26603,2.46244
-76.26560,2.46213
-76.26518,2.46181
-76.26476,2.46149
-76.26434,2.46117
-76.26400,2.46090
-76.26358,2.46058
-76.26317,2.46025
-76.26277,2.45992
-76.26236,2.45959
-76.26196,2.45925
-76.26155,2.45892
-76.26116,2.45858
-76.26082,2.45829
-76.26043,2.45795
-76.26004,2.45760
-76.25965,2.45725
-76.25926,2.45690
-76.25887,2.45655
-76.25849,2.45619
-76.25811,2.45584
-76.25779,2.45554
-76.25742,2.45517
-76.25704,2.45481
-76.25667,2.45444
-76.25637,2.45414
-76.25600,2.45377
-76.25563,2.45339
-76.25527,2.45302
-76.25497,2.45270
-76.25461,2.45232
-76.25426,2.45194
-76.25390,2.45156
-76.25355,2.45117
-76.25321,2.45078
-76.25286,2.45039
-76.25252,2.45000
-76.25223,2.44967
-76.25189,2.44927
-76.25156,2.44887
-76.25122,2.44847
-76.25089,2.44807
-76.25056,2.44766
-76.25024,2.44725
-76.24991,2.44684
-76.24964,2.44650
-76.24932,2.44608
-76.24901,2.44566
-76.24869,2.44524
-76.24838,2.44482
-76.24807,2.44440
-76.24776,2.44397
-76.24746,2.44355
-76.24720,2.44319
-76.24690,2.44275
-76.24661,2.44232
-76.24631,2.44188
-76.24602,2.44144
-76.24573,2.44100
-76.24544,2.44056
-76.24515,2.44012
-76.24492,2.43974
-76.24464,2.43929
-76.24436,2.43884
-76.24408,2.43839
-76.24381,2.43793
-76.24354,2.43748
-76.24327,2.43702
-76.24301,2.43655
-76.24279,2.43617
-76.24252,2.43570
-76.24227,2.43523
-76.24201,2.43476
-76.24176,2.43429
-76.24151,2.43382
-76.24126,2.43334
-76.24101,2.43286
-76.24081,2.43246
-76.24057,2.43198
-76.24033,2.43149
-76.24009,2.43101
-76.23986,2.43052
-76.23963,2.43003
-76.23940,2.42954
-76.23917,2.42904
-76.23899,2.42863
-76.23877,2.42813
-76.23855,2.42763
-76.23833,2.42712
-76.23815,2.42670
-76.23794,2.42620
-76.23773,2.42569
-76.23753,2.42518
-76.23736,2.42475
-76.23716,2.42424
-76.23696,2.42372
-76.23676,2.42320
-76.23657,2.42268
-76.23638,2.42216
-76.23619,2.42164
-76.23600,2.42111
-76.23585,2.42067
-76.23567,2.42014
-76.23549,2.41961
-76.23532,2.41908
-76.23514,2.41854
-76.23497,2.41800
-76.23480,2.41746
-76.23464,2.41692
-76.23450,2.41647
-76.23434,2.41593
-76.23418,2.41538
-76.23403,2.41483
-76.23388,2.41428
-76.23372,2.41373
-76.23358,2.41317
-76.23343,2.41262
-76.23331,2.41215
-76.23317,2.41159
-76.23304,2.41103
-76.23290,2.41047
-76.23277,2.40990
-76.23264,2.40933
-76.23251,2.40876
-76.23239,2.40819
-76.23229,2.40772
-76.23217,2.40714
-76.23205,2.40656
-76.23193,2.40599
-76.23182,2.40541
-76.23171,2.40483
-76.23161,2.40424
-76.23150,2.40366
-76.23142,2.40317
-76.23132,2.40258
-76.23122,2.40199
-76.23113,2.40140
-76.23104,2.40080
-76.23095,2.40021
-76.23087,2.39961
-76.23078,2.39901
-76.23072,2.39851
-76.23064,2.39791
-76.23056,2.39730
-76.23049,2.39670
-76.23042,2.39609
-76.23035,2.39548
-76.23029,2.39487
-76.23022,2.39426
-76.23017,2.39374
-76.23012,2.39313
-76.23006,2.39251
-76.23001,2.39189
-76.22997,2.39137
-76.22992,2.39075
-76.22988,2.39013
-76.22983,2.38950
-76.22980,2.38898
-76.22976,2.38835
-76.22973,2.38772
-76.22970,2.38709
-76.22967,2.38645
-76.22964,2.38582
-76.22962,2.38518
-76.22960,2.38454
-76.22958,2.38401
-76.22957,2.38337
-76.22955,2.38272
-76.22954,2.38208
-76.22953,2.38143
-76.22953,2.38078
-76.22952,2.38013
-76.22952,2.37948
-76.22953,2.37894
-76.22953,2.37829
-76.22954,2.37763
-76.22955,2.37697
-76.22956,2.37631
-76.22958,2.37565
-76.22959,2.37499
-76.22961,2.37433
-76.22963,2.37378
-76.22966,2.37311
-76.22969,2.37244
-76.22972,2.37177
-76.22975,2.37110
-76.22979,2.37043
-76.22982,2.36976
-76.22987,2.36908
-76.22990,2.36852
-76.22995,2.36784
-76.23000,2.36716
-76.23005,2.36648
-76.23010,2.36580
-76.23016,2.36512
-76.23022,2.36443
-76.23028,2.36375
-76.23034,2.36317
-76.23040,2.36248
-76.23047,2.36179
-76.23054,2.36110
-76.23062,2.36041
-76.23070,2.35972
-76.23078,2.35902
-76.23086,2.35832
-76.23093,2.35774
-76.23102,2.35704
-76.23111,2.35634
-76.23120,2.35564
-76.23130,2.35494
-76.23140,2.35423
-76.23150,2.35352
-76.23160,2.35282
-76.23169,2.35223
-76.23180,2.35152
-76.23191,2.35081
-76.23202,2.35009
-76.23212,2.34950
-76.23224,2.34878
-76.23236,2.34807
-76.23248,2.34735
-76.23259,2.34675
-76.23272,2.34603
-76.23285,2.34531
-76.23298,2.34459
-76.23312,2.34387
-76.23326,2.34314
-76.23340,2.34242
-76.23354,2.34169
-76.23367,2.34108
-76.23382,2.34036
-76.23397,2.33963
-76.23412,2.33889
-76.23428,2.33816
-76.23444,2.33743
-76.23460,2.33669
-76.23477,2.33596
-76.23490,2.33534
-76.23507,2.33461
-76.23525,2.33387
-76.23542,2.33313
-76.23560,2.33239
-76.23578,2.33164
-76.23596,2.33090
-76.23615,2.33016
-76.23630,2.32953
-76.23649,2.32879
-76.23669,2.32804
-76.23688,2.32729
-76.23708,2.32654
-76.23728,2.32579
-76.23748,2.32504
-76.23769,2.32429
-76.23786,2.32366
-76.23807,2.32290
-76.23828,2.32215
-76.23850,2.32139
-76.23872,2.32063
-76.23894,2.31988
-76.23916,2.31912
-76.23939,2.31836
-76.23958,2.31772
-76.23981,2.31696
-76.24004,2.31620
-76.24027,2.31543
-76.24051,2.31467
-76.24075,2.31390
-76.24100,2.31313
-76.24145,2.31172
-76.24170,2.31096
-76.24195,2.31018
-76.24221,2.30941
-76.24247,2.30864
-76.24273,2.30787
-76.24299,2.30709
-76.24348,2.30567
-76.24375,2.30490
-76.24402,2.30412
-76.24453,2.30269
-76.24481,2.30191
-76.24509,2.30113
-76.24561,2.29970
-76.24590,2.29892
-76.24619,2.29814
-76.24649,2.29735
-76.24679,2.29657
-76.24708,2.29578
-76.24739,2.29500
-76.24795,2.29355
-76.24826,2.29277
-76.24857,2.29198
-76.24888,2.29119
-76.24920,2.29040
-76.24952,2.28961
-76.24984,2.28881
-76.25043,2.28736
-76.25076,2.28657
-76.25109,2.28577
-76.25142,2.28498
-76.25176,2.28418
-76.25210,2.28339
-76.25244,2.28259
-76.25307,2.28113
-76.25342,2.28033
-76.25377,2.27953
-76.25412,2.27873
-76.25447,2.27793
-76.25483,2.27713
-76.25519,2.27633
-76.25585,2.27486
-76.25622,2.27406
-76.25659,2.27325
-76.25696,2.27245
-76.25733,2.27165
-76.25771,2.27084
-76.25809,2.27004
-76.25879,2.26856
-76.25917,2.26775
-76.25956,2.26694
-76.25995,2.26614
-76.26034,2.26533
-76.26073,2.26452
-76.26113,2.26371
-76.26186,2.26223
-76.26227,2.26142
-76.26267,2.26061
-76.26308,2.25980
-76.26349,2.25899
-76.26390,2.25817
-76.26432,2.25736
-76.26508,2.25587
-76.26551,2.25506
-76.26593,2.25425
-76.26671,2.25275
-76.26714,2.25194
-76.26758,2.25113
-76.26837,2.24963
-76.26881,2.24882
-76.26925,2.24800
-76.26970,2.24719
-76.27014,2.24637
-76.27059,2.24555
-76.27104,2.24474
-76.27187,2.24324
-76.27233,2.24242
-76.27279,2.24160
-76.27325,2.24079
-76.27371,2.23997
-76.27418,2.23915
-76.27465,2.23833
-76.27551,2.23683
-76.27599,2.23601
-76.27646,2.23520
-76.27694,2.23438
-76.27742,2.23356
-76.27790,2.23274
-76.27839,2.23192
-76.27928,2.23042
-76.27978,2.22960
-76.28027,2.22878
-76.28076,2.22796
-76.28126,2.22714
-76.28176,2.22632
-76.28226,2.22550
-76.28319,2.22400
-76.28421,2.22236
-76.28523,2.22072
-76.28627,2.21908
-76.28723,2.21757
-76.28828,2.21593
-76.28934,2.21429
-76.29040,2.21265
-76.29139,2.21115
-76.29247,2.20951
-76.29357,2.20788
-76.29467,2.20624
-76.29568,2.20474
-76.29680,2.20310
-76.29782,2.20160
-76.29896,2.19997
-76.30000,2.19847
-76.30114,2.19683
-76.30230,2.19520
-76.30346,2.19357
-76.30453,2.19208
-76.30571,2.19045
-76.30689,2.18882
-76.30808,2.18719
-76.30918,2.18570
-76.31038,2.18408
-76.31160,2.18246
-76.31282,2.18083
-76.31394,2.17935
-76.31518,2.17773
-76.31642,2.17612
-76.31767,2.17450
-76.31882,2.17302
-76.32008,2.17141
-76.32135,2.16980
-76.32263,2.16820
-76.32380,2.16673
-76.32509,2.16512
-76.32639,2.16352
-76.32769,2.16192
-76.32890,2.16046
-76.33021,2.15887
-76.33153,2.15728
-76.33286,2.15569
-76.33409,2.15423
-76.33543,2.15265
-76.33667,2.15120
-76.33802,2.14962
-76.33927,2.14818
-76.34064,2.14660
-76.34201,2.14503
-76.34339,2.14347
-76.34466,2.14203
-76.34605,2.14047
-76.34745,2.13891
-76.34885,2.13736
-76.35014,2.13593
-76.35155,2.13439
-76.35297,2.13284
-76.35440,2.13130
-76.35571,2.12989
-76.35715,2.12836
-76.35859,2.12682
-76.36004,2.12530
-76.36137,2.12390
-76.36283,2.12238
-76.36429,2.12086
-76.36576,2.11935
-76.36711,2.11797
-76.36859,2.11647
-76.37008,2.11496
-76.37157,2.11347
-76.37294,2.11210
-76.37444,2.11061
-76.37594,2.10913
-76.37745,2.10765
-76.37884,2.10630
-76.38035,2.10483
-76.38175,2.10348
-76.38328,2.10202
-76.38468,2.10069